$GPGSA,A,1,,,,,,,,,,,,,,,*1E
$GPGSV,1,1,0,,,,,,,,,,,,,,,,*49
$GPGSA,A,1,,,,,,,,,,,,,,,*1E
$GPGSV,1,1,0,,,,,,,,,,,,,,,,*49
$GPGSA,A,1,,,,,,,,,,,,,,,*1E
$GPGSV,1,1,0,,,,,,,,,,,,,,,,*49
$GPGSA,A,1,,,,,,,,,,,,,,,*1E
$GPGSV,1,1,0,,,,,,,,,,,,,,,,*49
$GPGSA,A,1,,,,,,,,,,,,,,,*1E
$GPGSV,1,1,0,,,,,,,,,,,,,,,,*49
$GPGSA,A,1,,,,,,,,,,,,,,,*1E
$GPGSV,1,1,0,,,,,,,,,,,,,,,,*49
$GPGSA,A,1,,,,,,,,,,,,,,,*1E
$GPGSV,1,1,0,,,,,,,,,,,,,,,,*49
$GPGSA,A,1,,,,,,,,,,,,,,,*1E
$GPGSV,1,1,0,,,,,,,,,,,,,,,,*49
$GPGSA,A,1,,,,,,,,,,,,,,,*1E
$GPGSV,1,1,0,,,,,,,,,,,,,,,,*49
$GPRMC,034806.10,A,3732.9425735,N,12657.5605643,E,1987.09,216.16,080819,0.0,E,D*02
$GPGGA,034806.10,3732.9425735,N,12657.5605643,E,5,07,1.0,257.302,M,22.966,M,0.1,*4F
$GPGSA,A,3,03,06,17,19,23,28,,,,,,,3.8,1.6,3.5,1*25
$GLGSA,A,3,69,73,84,,,,,,,,,,0.0,0.0,0.0,2*37
$GPGSV,2,1,06,03,47,054,25,06,44,278,27,17,70,346,26,19,56,324,33,1*63
$GPGSV,2,2,06,23,20,108,32,28,46,195,31,,,,,,,,,1*6E
$GLGSV,1,1,03,69,25,166,32,73,25,245,41,84,33,312,27,,,,,1*4F
$GPRMC,034806.20,A,3732.9388526,N,12657.5517774,E,875.74,252.43,080819,0.0,E,D*33
$GPGGA,034806.20,3732.9388526,N,12657.5517774,E,5,07,1.0,293.151,M,22.965,M,0.2,*45
$GPGSA,A,3,03,06,17,19,23,28,,,,,,,3.8,1.6,3.5,1*25
$GLGSA,A,3,69,73,84,,,,,,,,,,0.0,0.0,0.0,2*37
$GPGSV,2,1,06,03,47,054,25,06,44,278,27,17,70,346,26,19,56,324,32,1*62
$GPGSV,2,2,06,23,20,108,32,28,46,195,31,,,,,,,,,1*6E
$GLGSV,1,1,03,69,25,166,32,73,25,245,41,84,33,312,27,,,,,1*4F
$GPRMC,034806.30,A,3732.9416861,N,12657.5569278,E,172.68,216.40,080819,0.0,E,D*3C
$GPGGA,034806.30,3732.9416861,N,12657.5569278,E,5,07,1.0,263.436,M,22.965,M,0.3,*40
$GPGSA,A,3,03,06,17,19,23,28,,,,,,,3.8,1.6,3.5,1*25
$GLGSA,A,3,69,73,84,,,,,,,,,,0.0,0.0,0.0,2*37
$GPGSV,2,1,06,03,47,054,25,06,44,278,27,17,70,346,26,19,56,324,32,1*62
$GPGSV,2,2,06,23,20,108,32,28,46,195,31,,,,,,,,,1*6E
$GLGSV,1,1,03,69,25,166,32,73,25,245,41,84,33,312,27,,,,,1*4F
$GPRMC,034806.40,A,3732.9437700,N,12657.5605421,E,80.51,40.61,080819,0.0,E,D*37
$GPGGA,034806.40,3732.9437700,N,12657.5605421,E,5,07,1.0,241.792,M,22.966,M,0.4,*46
$GPGSA,A,3,03,06,17,19,23,28,,,,,,,3.8,1.6,3.5,1*25
$GLGSA,A,3,69,73,84,,,,,,,,,,0.0,0.0,0.0,2*37
$GPGSV,2,1,06,03,47,054,25,06,44,278,27,17,70,346,26,19,56,324,32,1*62
$GPGSV,2,2,06,23,20,108,32,28,46,195,31,,,,,,,,,1*6E
$GLGSV,1,1,03,69,25,166,32,73,25,245,41,84,33,312,26,,,,,1*4E
$GPRMC,034806.50,A,3732.9437374,N,12657.5605118,E,82.34,338.85,080819,0.0,E,D*09
$GPGGA,034806.50,3732.9437374,N,12657.5605118,E,5,07,1.0,242.239,M,22.966,M,0.5,*49
$GPGSA,A,3,03,06,17,19,23,28,,,,,,,3.8,1.6,3.5,1*25
$GLGSA,A,3,69,73,84,,,,,,,,,,0.0,0.0,0.0,2*37
$GPGSV,2,1,06,03,47,054,25,06,44,278,28,17,70,346,26,19,56,324,32,1*6D
$GPGSV,2,2,06,23,20,108,32,28,46,195,31,,,,,,,,,1*6E
$GLGSV,1,1,03,69,25,166,31,73,25,245,41,84,33,312,26,,,,,1*4D
$GPRMC,034806.60,A,3732.9435687,N,12657.5603092,E,47.96,279.19,080819,0.0,E,D*04
$GPGGA,034806.60,3732.9435687,N,12657.5603092,E,5,07,1.0,244.138,M,22.966,M,0.6,*43
$GPGSA,A,3,03,06,17,19,23,28,,,,,,,3.8,1.6,3.5,1*25
$GLGSA,A,3,69,73,84,,,,,,,,,,0.0,0.0,0.0,2*37
$GPGSV,2,1,06,03,47,054,25,06,44,278,27,17,70,346,26,19,56,324,32,1*62
$GPGSV,2,2,06,23,20,108,32,28,46,195,31,,,,,,,,,1*6E
$GLGSV,1,1,03,69,25,166,31,73,25,245,41,84,33,312,26,,,,,1*4D
$GPRMC,034806.70,A,3732.9434791,N,12657.5602586,E,22.95,274.16,080819,0.0,E,D*01
$GPGGA,034806.70,3732.9434791,N,12657.5602586,E,5,07,1.0,245.797,M,22.966,M,0.7,*47
$GPGSA,A,3,03,06,17,19,23,28,,,,,,,3.8,1.6,3.5,1*25
$GLGSA,A,3,69,73,84,,,,,,,,,,0.0,0.0,0.0,2*37
$GPGSV,2,1,06,03,47,054,25,06,44,278,28,17,70,346,26,19,56,324,32,1*6D
$GPGSV,2,2,06,23,20,108,32,28,46,195,31,,,,,,,,,1*6E
$GLGSV,1,1,03,69,25,166,31,73,25,245,41,84,33,312,26,,,,,1*4D
$GPRMC,034806.80,A,3732.9433530,N,12657.5602313,E,5.86,258.29,080819,0.0,E,D*3F
$GPGGA,034806.80,3732.9433530,N,12657.5602313,E,5,07,1.0,247.678,M,22.966,M,0.8,*41
$GPGSA,A,3,03,06,17,19,23,28,,,,,,,3.8,1.6,3.5,1*25
$GLGSA,A,3,69,73,84,,,,,,,,,,0.0,0.0,0.0,2*37
$GPGSV,2,1,06,03,47,054,25,06,44,278,28,17,70,346,26,19,56,324,32,1*6D
$GPGSV,2,2,06,23,20,108,32,28,46,195,30,,,,,,,,,1*6F
$GLGSV,1,1,03,69,25,166,31,73,25,245,41,84,33,312,26,,,,,1*4D
$GPRMC,034806.90,A,3732.9434827,N,12657.5606273,E,18.24,67.47,080819,0.0,E,D*33
$GPGGA,034806.90,3732.9434827,N,12657.5606273,E,5,07,1.0,246.994,M,22.966,M,0.9,*42
$GPGSA,A,3,03,06,17,19,23,28,,,,,,,3.8,1.6,3.5,1*25
$GLGSA,A,3,69,73,84,,,,,,,,,,0.0,0.0,0.0,2*37
$GPGSV,2,1,06,03,47,054,26,06,44,278,28,17,70,346,26,19,56,324,32,1*6E
$GPGSV,2,2,06,23,20,108,32,28,46,195,30,,,,,,,,,1*6F
$GLGSV,1,1,03,69,25,166,31,73,25,245,41,84,33,312,26,,,,,1*4D
$GPRMC,034807.00,A,3732.9434854,N,12657.5606881,E,12.01,69.03,080819,0.0,E,D*3B
$GPGGA,034807.00,3732.9434854,N,12657.5606881,E,5,07,1.0,247.144,M,22.966,M,1.0,*45
$GPGSA,A,3,03,06,17,19,23,28,,,,,,,3.8,1.6,3.5,1*25
$GLGSA,A,3,69,73,84,,,,,,,,,,0.0,0.0,0.0,2*37
$GPGSV,2,1,06,03,47,054,26,06,44,278,28,17,70,346,25,19,56,324,32,1*6D
$GPGSV,2,2,06,23,20,108,32,28,46,195,30,,,,,,,,,1*6F
$GLGSV,1,1,03,69,25,166,31,73,25,245,41,84,33,312,26,,,,,1*4D
$GPRMC,034807.10,A,3732.9433527,N,12657.5604892,E,9.68,245.95,080819,0.0,E,D*32
$GPGGA,034807.10,3732.9433527,N,12657.5604892,E,5,07,1.0,248.786,M,22.966,M,0.1,*4D
$GPGSA,A,3,03,06,17,19,23,28,,,,,,,3.8,1.6,3.5,1*25
$GLGSA,A,3,69,73,84,,,,,,,,,,0.0,0.0,0.0,2*37
$GPGSV,2,1,06,03,47,054,25,06,44,278,28,17,70,346,25,19,56,324,32,1*6E
$GPGSV,2,2,06,23,20,108,32,28,46,195,30,,,,,,,,,1*6F
$GLGSV,1,1,03,69,25,166,31,73,25,245,41,84,33,312,25,,,,,1*4E
$GPRMC,034807.20,A,3732.9432358,N,12657.5603511,E,18.62,240.93,080819,0.0,E,D*06
$GPGGA,034807.20,3732.9432358,N,12657.5603511,E,5,07,1.0,250.350,M,22.966,M,0.2,*45
$GPGSA,A,3,03,06,17,19,23,28,,,,,,,3.8,1.6,3.5,1*25
$GLGSA,A,3,69,73,84,,,,,,,,,,0.0,0.0,0.0,2*37
$GPGSV,2,1,06,03,47,054,26,06,44,278,29,17,70,346,26,19,56,324,32,1*6F
$GPGSV,2,2,06,23,20,108,32,28,46,195,30,,,,,,,,,1*6F
$GLGSV,1,1,03,69,25,166,31,73,25,245,41,84,33,312,25,,,,,1*4E
$GPRMC,034807.30,A,3732.9431822,N,12657.5603628,E,17.43,228.42,080819,0.0,E,D*05
$GPGGA,034807.30,3732.9431822,N,12657.5603628,E,5,07,1.0,251.455,M,22.966,M,0.3,*4A
$GPGSA,A,3,03,06,17,19,23,28,,,,,,,3.8,1.6,3.5,1*25
$GLGSA,A,3,69,73,84,,,,,,,,,,0.0,0.0,0.0,2*37
$GPGSV,2,1,06,03,47,054,25,06,44,278,29,17,70,346,26,19,56,324,32,1*6C
$GPGSV,2,2,06,23,20,108,32,28,46,195,30,,,,,,,,,1*6F
$GLGSV,1,1,03,69,25,166,31,73,25,245,41,84,33,312,25,,,,,1*4E
$GPRMC,034807.40,A,3732.9432426,N,12657.5605580,E,8.39,76.61,080819,0.0,E,D*05
$GPGGA,034807.40,3732.9432426,N,12657.5605580,E,5,07,1.0,251.314,M,22.966,M,0.4,*44
$GPGSA,A,3,03,06,17,19,23,28,,,,,,,3.8,1.6,3.5,1*25
$GLGSA,A,3,69,73,84,,,,,,,,,,0.0,0.0,0.0,2*37
$GPGSV,2,1,06,03,47,054,26,06,44,278,29,17,70,346,25,19,56,324,32,1*6C
$GPGSV,2,2,06,23,20,108,32,28,46,195,30,,,,,,,,,1*6F
$GLGSV,1,1,03,69,25,166,31,73,25,245,41,84,33,312,25,,,,,1*4E
$GPRMC,034807.50,A,3732.9432308,N,12657.5605780,E,3.93,77.10,080819,0.0,E,D*01
$GPGGA,034807.50,3732.9432308,N,12657.5605780,E,5,07,1.0,251.657,M,22.966,M,0.5,*4F
$GPGSA,A,3,03,06,17,19,23,28,,,,,,,3.8,1.6,3.5,1*25
$GLGSA,A,3,69,73,84,,,,,,,,,,0.0,0.0,0.0,2*37
$GPGSV,2,1,06,03,47,054,26,06,44,278,29,17,70,346,26,19,56,324,32,1*6F
$GPGSV,2,2,06,23,20,108,32,28,46,195,30,,,,,,,,,1*6F
$GLGSV,1,1,03,69,25,166,32,73,25,245,41,84,33,312,25,,,,,1*4D
$GPRMC,034807.60,A,3732.9432187,N,12657.5605769,E,0.73,77.10,080819,0.0,E,D*0D
$GPGGA,034807.60,3732.9432187,N,12657.5605769,E,5,07,1.0,251.933,M,22.966,M,0.6,*40
$GPGSA,A,3,03,06,17,19,23,28,,,,,,,3.8,1.6,3.5,1*25
$GLGSA,A,3,69,73,84,,,,,,,,,,0.0,0.0,0.0,2*37
$GPGSV,2,1,06,03,47,054,26,06,44,278,29,17,70,346,26,19,56,324,32,1*6F
$GPGSV,2,2,06,23,20,108,32,28,46,195,30,,,,,,,,,1*6F
$GLGSV,1,1,03,69,25,166,32,73,25,245,42,84,33,312,25,,,,,1*4E
$GPRMC,034807.70,A,3732.9432507,N,12657.5606368,E,6.27,61.00,080819,0.0,E,D*07
$GPGGA,034807.70,3732.9432507,N,12657.5606368,E,5,07,1.0,251.707,M,22.966,M,0.7,*43
$GPGSA,A,3,03,06,17,19,23,28,,,,,,,3.8,1.6,3.5,1*25
$GLGSA,A,3,69,73,84,,,,,,,,,,0.0,0.0,0.0,2*37
$GPGSV,2,1,06,03,47,054,26,06,44,278,29,17,70,346,25,19,56,324,32,1*6C
$GPGSV,2,2,06,23,20,108,32,28,46,195,29,,,,,,,,,1*67
$GLGSV,1,1,03,69,25,166,32,73,25,245,42,84,33,312,25,,,,,1*4E
$GPRMC,034807.80,A,3732.9432739,N,12657.5607882,E,26.57,57.22,080819,0.0,E,D*39
$GPGGA,034807.80,3732.9432739,N,12657.5607882,E,5,07,1.0,253.697,M,22.966,M,0.8,*48
$GPGSA,A,3,03,06,17,19,23,28,,,,,,,3.8,1.6,3.5,1*25
$GLGSA,A,3,69,73,84,,,,,,,,,,0.0,0.0,0.0,2*37
$GPGSV,2,1,06,03,47,054,26,06,44,278,29,17,70,346,25,19,56,324,33,1*6D
$GPGSV,2,2,06,23,20,108,32,28,46,195,29,,,,,,,,,1*67
$GLGSV,1,1,03,69,25,166,32,73,25,245,42,84,33,312,25,,,,,1*4E
$GPRMC,034807.90,A,3732.9432360,N,12657.5608944,E,59.96,95.75,080819,0.0,E,D*3D
$GPGGA,034807.90,3732.9432360,N,12657.5608944,E,5,07,1.0,256.450,M,22.966,M,0.9,*48
$GPGSA,A,3,03,06,17,19,23,28,,,,,,,3.8,1.6,3.5,1*25
$GLGSA,A,3,69,73,84,,,,,,,,,,0.0,0.0,0.0,2*37
$GPGSV,2,1,06,03,47,054,26,06,44,278,29,17,70,346,25,19,56,324,33,1*6D
$GPGSV,2,2,06,23,20,108,32,28,46,195,29,,,,,,,,,1*67
$GLGSV,1,1,03,69,25,166,32,73,25,245,42,84,33,312,25,,,,,1*4E
$GPRMC,034808.00,A,3732.9432841,N,12657.5612142,E,87.90,91.69,080819,0.0,E,D*3A
$GPGGA,034808.00,3732.9432841,N,12657.5612142,E,5,07,1.0,258.907,M,22.966,M,1.0,*4A
$GPGSA,A,3,03,06,17,19,23,28,,,,,,,3.8,1.6,3.5,1*25
$GLGSA,A,3,69,73,84,,,,,,,,,,0.0,0.0,0.0,2*37
$GPGSV,2,1,06,03,47,054,26,06,44,278,29,17,70,346,25,19,56,324,33,1*6D
$GPGSV,2,2,06,23,20,108,32,28,46,195,29,,,,,,,,,1*67
$GLGSV,1,1,03,69,25,166,32,73,25,245,42,84,33,312,24,,,,,1*4F
$GPRMC,034808.10,A,3732.9433955,N,12657.5615505,E,111.84,92.03,080819,0.0,E,D*0A
$GPGGA,034808.10,3732.9433955,N,12657.5615505,E,5,07,1.0,261.039,M,22.966,M,0.1,*40
$GPGSA,A,3,03,06,17,19,23,28,,,,,,,3.8,1.6,3.5,1*25
$GLGSA,A,3,69,73,84,,,,,,,,,,0.0,0.0,0.0,2*37
$GPGSV,2,1,06,03,47,054,26,06,44,278,30,17,70,346,25,19,56,324,33,1*65
$GPGSV,2,2,06,23,20,108,32,28,46,195,29,,,,,,,,,1*67
$GLGSV,1,1,03,69,25,166,32,73,25,245,42,84,33,312,24,,,,,1*4F
$GPRMC,034808.20,A,3732.9435592,N,12657.5619162,E,115.41,96.60,080819,0.0,E,D*0D
$GPGGA,034808.20,3732.9435592,N,12657.5619162,E,5,07,1.0,261.563,M,22.966,M,0.2,*42
$GPGSA,A,3,03,06,17,19,23,28,,,,,,,3.8,1.6,3.5,1*25
$GLGSA,A,3,69,73,84,,,,,,,,,,0.0,0.0,0.0,2*37
$GPGSV,2,1,06,03,47,054,26,06,44,278,30,17,70,346,25,19,56,324,33,1*65
$GPGSV,2,2,06,23,20,108,32,28,46,195,29,,,,,,,,,1*67
$GLGSV,1,1,03,69,25,166,32,73,25,245,42,84,33,312,24,,,,,1*4F
$GPRMC,034808.30,A,3732.9436056,N,12657.5618839,E,129.98,123.60,080819,0.0,E,D*30
$GPGGA,034808.30,3732.9436056,N,12657.5618839,E,5,07,1.0,263.312,M,22.966,M,0.3,*48
$GPGSA,A,3,03,06,17,19,23,28,,,,,,,3.8,1.6,3.5,1*25
$GLGSA,A,3,69,73,84,,,,,,,,,,0.0,0.0,0.0,2*37
$GPGSV,2,1,06,03,47,054,26,06,44,278,30,17,70,346,25,19,56,324,33,1*65
$GPGSV,2,2,06,23,20,108,32,28,46,195,29,,,,,,,,,1*67
$GLGSV,1,1,03,69,25,166,32,73,25,245,42,84,33,312,24,,,,,1*4F
$GPRMC,034808.40,A,3732.9436632,N,12657.5622099,E,111.91,132.55,080819,0.0,E,D*3C
$GPGGA,034808.40,3732.9436632,N,12657.5622099,E,5,08,1.0,264.610,M,22.966,M,0.4,*48
$GPGSA,A,3,03,06,17,19,23,28,,,,,,,3.8,1.6,3.5,1*25
$GLGSA,A,3,69,73,84,,,,,,,,,,0.0,0.0,0.0,2*37
$GPGSV,2,1,06,03,47,054,26,06,44,278,30,17,70,346,25,19,56,324,33,1*65
$GPGSV,2,2,06,23,20,108,32,28,46,195,29,,,,,,,,,1*67
$GLGSV,1,1,03,69,25,166,32,73,25,245,42,84,33,312,24,,,,,1*4F
$GPRMC,034808.50,A,3732.9437928,N,12657.5630666,E,84.44,93.22,080819,0.0,E,D*32
$GPGGA,034808.50,3732.9437928,N,12657.5630666,E,5,08,1.0,267.134,M,22.966,M,0.5,*4A
$GPGSA,A,3,03,06,17,19,23,28,,,,,,,3.8,1.6,3.5,1*25
$GLGSA,A,3,69,73,84,,,,,,,,,,0.0,0.0,0.0,2*37
$GPGSV,2,1,06,03,47,054,26,06,44,278,30,17,70,346,26,19,56,324,33,1*66
$GPGSV,2,2,06,23,20,108,32,28,46,195,29,,,,,,,,,1*67
$GLGSV,1,1,03,69,25,166,32,73,25,245,42,84,33,312,24,,,,,1*4F
$GPRMC,034808.60,A,3732.9438806,N,12657.5636235,E,67.42,94.59,080819,0.0,E,D*37
$GPGGA,034808.60,3732.9438806,N,12657.5636235,E,5,08,1.0,269.066,M,22.966,M,0.6,*44
$GPGSA,A,3,03,06,17,19,23,28,,,,,,,3.8,1.6,3.5,1*25
$GLGSA,A,3,69,73,84,,,,,,,,,,0.0,0.0,0.0,2*37
$GPGSV,2,1,06,03,47,054,26,06,44,278,30,17,70,346,26,19,56,324,33,1*66
$GPGSV,2,2,06,23,20,108,32,28,46,195,29,,,,,,,,,1*67
$GLGSV,1,1,03,69,25,166,32,73,25,245,42,84,33,312,24,,,,,1*4F
$GPRMC,034808.70,A,3732.9440578,N,12657.5640403,E,49.02,38.04,080819,0.0,E,D*39
$GPGGA,034808.70,3732.9440578,N,12657.5640403,E,5,08,1.0,269.385,M,22.966,M,0.7,*43
$GPGSA,A,3,03,06,17,19,23,28,,,,,,,3.8,1.6,3.5,1*25
$GLGSA,A,3,69,73,84,,,,,,,,,,0.0,0.0,0.0,2*37
$GPGSV,2,1,06,03,47,054,26,06,44,278,30,17,70,346,26,19,56,324,33,1*66
$GPGSV,2,2,06,23,20,108,32,28,46,195,29,,,,,,,,,1*67
$GLGSV,1,1,03,69,25,166,32,73,25,245,42,84,33,312,24,,,,,1*4F
$GPRMC,034808.80,A,3732.9440704,N,12657.5641522,E,42.94,243.10,080819,0.0,E,D*03
$GPGGA,034808.80,3732.9440704,N,12657.5641522,E,5,08,1.0,270.011,M,22.966,M,0.8,*4F
$GPGSA,A,3,03,06,17,19,23,28,,,,,,,3.8,1.6,3.5,1*25
$GLGSA,A,3,69,73,84,,,,,,,,,,0.0,0.0,0.0,2*37
$GPGSV,2,1,06,03,47,054,26,06,44,278,30,17,70,346,26,19,56,324,33,1*66
$GPGSV,2,2,06,23,20,108,32,28,46,195,29,,,,,,,,,1*67
$GLGSV,1,1,03,69,25,166,32,73,25,245,42,84,33,312,24,,,,,1*4F
$GPRMC,034808.90,A,3732.9442706,N,12657.5644763,E,18.82,83.23,080819,0.0,E,D*36
$GPGGA,034808.90,3732.9442706,N,12657.5644763,E,5,08,1.0,268.198,M,22.966,M,0.9,*44
$GPGSA,A,3,03,06,17,19,23,28,,,,,,,3.8,1.6,3.5,1*25
$GLGSA,A,3,69,73,84,,,,,,,,,,0.0,0.0,0.0,2*37
$GPGSV,2,1,06,03,47,054,26,06,44,278,30,17,70,346,26,19,56,324,33,1*66
$GPGSV,2,2,06,23,20,108,32,28,46,195,29,,,,,,,,,1*67
$GLGSV,1,1,03,69,25,166,32,73,25,245,42,84,33,312,24,,,,,1*4F
$GPRMC,034809.00,A,3732.9444398,N,12657.5646789,E,6.29,63.67,080819,0.0,E,D*0D
$GPGGA,034809.00,3732.9444398,N,12657.5646789,E,5,08,1.0,266.298,M,22.966,M,1.0,*4A
$GPGSA,A,3,03,06,17,19,23,28,,,,,,,3.8,1.6,3.5,1*25
$GLGSA,A,3,69,73,84,,,,,,,,,,0.0,0.0,0.0,2*37
$GPGSV,2,1,06,03,47,054,26,06,44,278,30,17,70,346,26,19,56,324,33,1*66
$GPGSV,2,2,06,23,20,108,32,28,46,195,29,,,,,,,,,1*67
$GLGSV,1,1,03,69,25,166,32,73,25,245,42,84,33,312,23,,,,,1*48
$GPRMC,034809.10,A,3732.9446470,N,12657.5648546,E,21.53,41.54,080819,0.0,E,D*38
$GPGGA,034809.10,3732.9446470,N,12657.5648546,E,5,08,1.0,265.515,M,22.966,M,0.1,*46
$GPGSA,A,3,03,06,17,19,23,28,,,,,,,3.8,1.6,3.5,1*25
$GLGSA,A,3,69,73,84,,,,,,,,,,0.0,0.0,0.0,2*37
$GPGSV,2,1,06,03,47,054,26,06,44,278,30,17,70,346,26,19,56,324,33,1*66
$GPGSV,2,2,06,23,20,108,32,28,46,195,29,,,,,,,,,1*67
$GLGSV,1,1,03,69,25,166,33,73,25,245,42,84,33,312,23,,,,,1*49
$GPRMC,034809.20,A,3732.9448138,N,12657.5649328,E,21.83,27.89,080819,0.0,E,D*3E
$GPGGA,034809.20,3732.9448138,N,12657.5649328,E,5,08,1.0,263.862,M,22.966,M,0.2,*45
$GPGSA,A,3,03,06,17,19,23,28,,,,,,,3.8,1.6,3.5,1*25
$GLGSA,A,3,69,73,84,,,,,,,,,,0.0,0.0,0.0,2*37
$GPGSV,2,1,06,03,47,054,26,06,44,278,30,17,70,346,25,19,56,324,33,1*65
$GPGSV,2,2,06,23,20,108,32,28,46,195,29,,,,,,,,,1*67
$GLGSV,1,1,03,69,25,166,33,73,25,245,42,84,33,312,23,,,,,1*49
$GPRMC,034809.30,A,3732.9449204,N,12657.5649803,E,37.62,182.89,080819,0.0,E,D*06
$GPGGA,034809.30,3732.9449204,N,12657.5649803,E,5,08,1.0,263.126,M,22.966,M,0.3,*43
$GPGSA,A,3,03,06,17,19,23,28,,,,,,,3.8,1.6,3.5,1*25
$GLGSA,A,3,69,73,84,,,,,,,,,,0.0,0.0,0.0,2*37
$GPGSV,2,1,06,03,47,054,26,06,44,278,30,17,70,346,25,19,56,324,33,1*65
$GPGSV,2,2,06,23,20,108,32,28,46,195,29,,,,,,,,,1*67
$GLGSV,1,1,03,69,25,166,33,73,25,245,42,84,33,312,23,,,,,1*49
$GPRMC,034809.40,A,3732.9451230,N,12657.5651521,E,55.76,79.11,080819,0.0,E,D*3E
$GPGGA,034809.40,3732.9451230,N,12657.5651521,E,5,08,1.0,262.493,M,22.966,M,0.4,*43
$GPGSA,A,3,03,06,17,19,23,28,,,,,,,3.8,1.6,3.5,1*25
$GLGSA,A,3,69,73,84,,,,,,,,,,0.0,0.0,0.0,2*37
$GPGSV,2,1,06,03,47,054,26,06,44,278,31,17,70,346,25,19,56,324,33,1*64
$GPGSV,2,2,06,23,20,108,32,28,46,195,29,,,,,,,,,1*67
$GLGSV,1,1,03,69,25,166,33,73,25,245,42,84,33,312,23,,,,,1*49
$GPRMC,034809.50,A,3732.9453536,N,12657.5652528,E,52.53,80.78,080819,0.0,E,D*3F
$GPGGA,034809.50,3732.9453536,N,12657.5652528,E,5,08,1.0,260.577,M,22.966,M,0.5,*43
$GPGSA,A,3,03,06,17,19,23,28,,,,,,,3.8,1.6,3.5,1*25
$GLGSA,A,3,69,73,84,,,,,,,,,,0.0,0.0,0.0,2*37
$GPGSV,2,1,06,03,47,054,26,06,44,278,31,17,70,346,25,19,56,324,33,1*64
$GPGSV,2,2,06,23,20,108,32,28,46,195,29,,,,,,,,,1*67
$GLGSV,1,1,03,69,25,166,33,73,25,245,42,84,33,312,23,,,,,1*49
$GPRMC,034809.60,A,3732.9455621,N,12657.5653247,E,54.07,99.67,080819,0.0,E,D*31
$GPGGA,034809.60,3732.9455621,N,12657.5653247,E,5,08,1.0,258.762,M,22.966,M,0.6,*42
$GPGSA,A,3,03,06,17,19,23,28,,,,,,,3.8,1.6,3.5,1*25
$GLGSA,A,3,69,73,84,,,,,,,,,,0.0,0.0,0.0,2*37
$GPGSV,2,1,06,03,47,054,26,06,44,278,31,17,70,346,25,19,56,324,33,1*64
$GPGSV,2,2,06,23,21,108,32,28,46,195,29,,,,,,,,,1*66
$GLGSV,1,1,03,69,25,166,33,73,25,245,42,84,33,312,23,,,,,1*49
$GPRMC,034809.70,A,3732.9448335,N,12657.5637334,E,146.71,241.59,080819,0.0,E,D*32
$GPGGA,034809.70,3732.9448335,N,12657.5637334,E,5,08,1.0,265.668,M,22.966,M,0.7,*4C
$GPGSA,A,3,03,06,17,19,23,28,,,,,,,3.8,1.6,3.5,1*25
$GLGSA,A,3,69,73,84,,,,,,,,,,0.0,0.0,0.0,2*37
$GPGSV,2,1,06,03,47,054,26,06,44,278,31,17,70,346,25,19,56,324,33,1*64
$GPGSV,2,2,06,23,21,108,32,28,46,195,29,,,,,,,,,1*66
$GLGSV,1,1,03,69,25,166,33,73,25,245,42,84,33,312,23,,,,,1*49
$GPRMC,034809.80,A,3732.9433669,N,12657.5611686,E,274.72,240.64,080819,0.0,E,D*3B
$GPGGA,034809.80,3732.9433669,N,12657.5611686,E,5,08,1.0,282.104,M,22.966,M,0.8,*40
$GPGSA,A,3,03,06,17,19,23,28,,,,,,,3.8,1.6,3.5,1*25
$GLGSA,A,3,69,73,84,,,,,,,,,,0.0,0.0,0.0,2*37
$GPGSV,2,1,06,03,47,054,26,06,44,278,31,17,70,346,25,19,56,324,33,1*64
$GPGSV,2,2,06,23,21,108,32,28,46,195,29,,,,,,,,,1*66
$GLGSV,1,1,03,69,25,166,33,73,25,245,42,84,33,312,23,,,,,1*49
$GPRMC,034809.90,A,3732.9421597,N,12657.5594584,E,332.95,236.97,080819,0.0,E,D*33
$GPGGA,034809.90,3732.9421597,N,12657.5594584,E,5,08,1.0,297.776,M,22.966,M,0.9,*49
$GPGSA,A,3,03,06,17,19,23,28,,,,,,,3.8,1.6,3.5,1*25
$GLGSA,A,3,69,73,84,,,,,,,,,,0.0,0.0,0.0,2*37
$GPGSV,2,1,06,03,47,054,26,06,44,278,31,17,70,346,25,19,56,324,33,1*64
$GPGSV,2,2,06,23,21,108,32,28,46,195,29,,,,,,,,,1*66
$GLGSV,1,1,03,69,25,166,33,73,25,245,42,84,33,312,24,,,,,1*4E
$GPRMC,034810.00,A,3732.9414013,N,12657.5587081,E,330.33,231.42,080819,0.0,E,D*3E
$GPGGA,034810.00,3732.9414013,N,12657.5587081,E,5,08,1.0,309.753,M,22.966,M,1.0,*4C
$GPGSA,A,3,03,06,17,19,23,28,,,,,,,3.8,1.6,3.5,1*25
$GLGSA,A,3,69,73,84,,,,,,,,,,0.0,0.0,0.0,2*37
$GPGSV,2,1,06,03,47,054,26,06,44,278,31,17,70,346,25,19,56,324,33,1*64
$GPGSV,2,2,06,23,21,108,32,28,46,195,29,,,,,,,,,1*66
$GLGSV,1,1,03,69,25,166,33,73,25,245,42,84,33,312,24,,,,,1*4E
$GPRMC,034810.10,A,3732.9410097,N,12657.5585290,E,275.81,225.55,080819,0.0,E,D*3D
$GPGGA,034810.10,3732.9410097,N,12657.5585290,E,5,08,1.0,316.721,M,22.966,M,0.1,*4E
$GPGSA,A,3,03,06,17,19,23,28,,,,,,,3.8,1.6,3.5,1*25
$GLGSA,A,3,69,73,84,,,,,,,,,,0.0,0.0,0.0,2*37
$GPGSV,2,1,06,03,47,054,26,06,44,278,31,17,70,346,25,19,56,324,33,1*64
$GPGSV,2,2,06,23,21,108,32,28,46,195,29,,,,,,,,,1*66
$GLGSV,1,1,03,69,25,166,34,73,25,245,42,84,33,312,24,,,,,1*49
$GPRMC,034810.20,A,3732.9403088,N,12657.5577263,E,252.48,228.06,080819,0.0,E,D*38
$GPGGA,034810.20,3732.9403088,N,12657.5577263,E,5,05,1.0,326.634,M,22.965,M,0.2,*4B
$GPGSA,A,3,03,06,17,19,23,28,,,,,,,3.8,1.6,3.5,1*25
$GLGSA,A,3,68,69,73,84,,,,,,,,,7.9,2.7,7.4,2*31
$GPGSV,2,1,06,03,47,054,26,06,44,278,31,17,70,346,25,19,56,324,33,1*64
$GPGSV,2,2,06,23,21,108,32,28,46,195,29,,,,,,,,,1*66
$GLGSV,1,1,04,68,53,107,25,69,25,166,34,73,25,245,42,84,33,312,24,1*77
$GPRMC,034810.30,A,3732.9399476,N,12657.5574359,E,200.80,230.82,080819,0.0,E,D*35
$GPGGA,034810.30,3732.9399476,N,12657.5574359,E,5,05,1.0,333.151,M,22.965,M,0.3,*41
$GPGSA,A,3,03,06,17,19,23,28,,,,,,,3.8,1.6,3.5,1*25
$GLGSA,A,3,68,69,73,84,,,,,,,,,7.9,2.7,7.4,2*31
$GPGSV,2,1,06,03,47,054,26,06,44,278,30,17,70,346,25,19,56,324,33,1*65
$GPGSV,2,2,06,23,21,108,32,28,46,195,29,,,,,,,,,1*66
$GLGSV,1,1,04,68,53,107,25,69,25,166,34,73,25,245,42,84,33,312,24,1*77
$GPRMC,034810.40,A,3732.9397637,N,12657.5574865,E,148.09,233.31,080819,0.0,E,D*3A
$GPGGA,034810.40,3732.9397637,N,12657.5574865,E,5,05,1.0,338.471,M,22.965,M,0.4,*40
$GPGSA,A,3,03,06,17,19,23,28,,,,,,,3.8,1.6,3.5,1*25
$GLGSA,A,3,68,69,73,84,,,,,,,,,7.9,2.7,7.4,2*31
$GPGSV,2,1,06,03,47,054,26,06,44,278,30,17,70,346,25,19,56,324,33,1*65
$GPGSV,2,2,06,23,21,108,32,28,46,195,29,,,,,,,,,1*66
$GLGSV,1,1,04,68,53,107,25,69,25,166,34,73,25,245,42,84,33,312,25,1*76
$GPRMC,034810.50,A,3732.9397642,N,12657.5577616,E,76.34,238.09,080819,0.0,E,D*02
$GPGGA,034810.50,3732.9397642,N,12657.5577616,E,5,05,1.0,340.050,M,22.965,M,0.5,*43
$GPGSA,A,3,03,06,17,19,23,28,,,,,,,3.8,1.6,3.5,1*25
$GLGSA,A,3,68,69,73,84,,,,,,,,,7.9,2.7,7.4,2*31
$GPGSV,2,1,06,03,47,054,26,06,44,278,30,17,70,346,25,19,56,324,33,1*65
$GPGSV,2,2,06,23,21,108,32,28,46,195,29,,,,,,,,,1*66
$GLGSV,1,1,04,68,53,107,25,69,25,166,34,73,25,245,42,84,33,312,24,1*77
$GPRMC,034810.60,A,3732.9399117,N,12657.5582464,E,8.61,248.04,080819,0.0,E,D*36
$GPGGA,034810.60,3732.9399117,N,12657.5582464,E,5,05,1.0,338.835,M,22.966,M,0.6,*40
$GPGSA,A,3,03,06,17,19,23,28,,,,,,,3.8,1.6,3.5,1*25
$GLGSA,A,3,68,69,73,84,,,,,,,,,7.9,2.7,7.4,2*31
$GPGSV,2,1,06,03,47,054,26,06,44,278,30,17,70,346,25,19,56,324,33,1*65
$GPGSV,2,2,06,23,21,108,32,28,46,195,29,,,,,,,,,1*66
$GLGSV,1,1,04,68,53,107,25,69,25,166,34,73,25,245,42,84,33,312,25,1*76
$GPRMC,034810.70,A,3732.9400905,N,12657.5588237,E,46.79,42.88,080819,0.0,E,D*3E
$GPGGA,034810.70,3732.9400905,N,12657.5588237,E,5,05,1.0,337.925,M,22.966,M,0.7,*49
$GPGSA,A,3,03,06,17,19,23,28,,,,,,,3.8,1.6,3.5,1*25
$GLGSA,A,3,68,69,73,84,,,,,,,,,7.9,2.7,7.4,2*31
$GPGSV,2,1,06,03,47,054,26,06,44,278,30,17,70,346,25,19,56,324,33,1*65
$GPGSV,2,2,06,23,21,108,32,28,46,195,29,,,,,,,,,1*66
$GLGSV,1,1,04,68,53,107,25,69,25,166,34,73,25,245,42,84,33,312,25,1*76
$GPRMC,034810.80,A,3732.9402961,N,12657.5594226,E,82.92,52.03,080819,0.0,E,D*33
$GPGGA,034810.80,3732.9402961,N,12657.5594226,E,5,05,1.0,336.186,M,22.966,M,0.8,*44
$GPGSA,A,3,03,06,17,19,23,28,,,,,,,3.8,1.6,3.5,1*25
$GLGSA,A,3,68,69,73,84,,,,,,,,,7.9,2.7,7.4,2*31
$GPGSV,2,1,06,03,47,054,26,06,44,278,30,17,70,346,26,19,56,324,33,1*66
$GPGSV,2,2,06,23,21,108,32,28,46,195,29,,,,,,,,,1*66
$GLGSV,1,1,04,68,53,107,25,69,25,166,34,73,25,245,42,84,33,312,25,1*76
$GPRMC,034810.90,A,3732.9404176,N,12657.5599208,E,83.91,55.50,080819,0.0,E,D*38
$GPGGA,034810.90,3732.9404176,N,12657.5599208,E,5,05,1.0,336.634,M,22.966,M,0.9,*43
$GPGSA,A,3,03,06,17,19,23,28,,,,,,,3.8,1.6,3.5,1*25
$GLGSA,A,3,68,69,73,84,,,,,,,,,7.9,2.7,7.4,2*31
$GPGSV,2,1,06,03,47,054,25,06,44,278,30,17,70,346,26,19,56,324,33,1*65
$GPGSV,2,2,06,23,21,108,32,28,46,195,29,,,,,,,,,1*66
$GLGSV,1,1,04,68,53,107,25,69,25,166,34,73,25,245,42,84,33,312,25,1*76
$GPRMC,034811.00,A,3732.9404304,N,12657.5602337,E,63.65,58.42,080819,0.0,E,D*30
$GPGGA,034811.00,3732.9404304,N,12657.5602337,E,5,05,1.0,338.707,M,22.966,M,1.0,*47
$GPGSA,A,3,03,06,17,19,23,28,,,,,,,3.8,1.6,3.5,1*25
$GLGSA,A,3,68,69,73,84,,,,,,,,,7.9,2.7,7.4,2*31
$GPGSV,2,1,06,03,47,054,26,06,44,278,31,17,70,346,26,19,56,324,33,1*67
$GPGSV,2,2,06,23,21,108,32,28,46,195,29,,,,,,,,,1*66
$GLGSV,1,1,04,68,53,107,26,69,25,166,34,73,25,245,42,84,33,312,25,1*75
$GPRMC,034811.10,A,3732.9404476,N,12657.5604266,E,57.79,59.37,080819,0.0,E,D*39
$GPGGA,034811.10,3732.9404476,N,12657.5604266,E,5,05,1.0,338.765,M,22.966,M,0.1,*43
$GPGSA,A,3,03,06,17,19,23,28,,,,,,,3.8,1.6,3.5,1*25
$GLGSA,A,3,68,69,73,84,,,,,,,,,7.9,2.7,7.4,2*31
$GPGSV,2,1,06,03,47,054,26,06,44,278,31,17,70,346,26,19,56,324,33,1*67
$GPGSV,2,2,06,23,21,108,32,28,46,195,29,,,,,,,,,1*66
$GLGSV,1,1,04,68,53,107,26,69,25,166,35,73,25,245,42,84,33,312,25,1*74
$GPRMC,034811.20,A,3732.9404482,N,12657.5605766,E,47.16,57.66,080819,0.0,E,D*37
$GPGGA,034811.20,3732.9404482,N,12657.5605766,E,5,05,1.0,339.201,M,22.966,M,0.2,*4A
$GPGSA,A,3,03,06,17,19,23,28,,,,,,,3.8,1.6,3.5,1*25
$GLGSA,A,3,68,69,73,84,,,,,,,,,7.9,2.7,7.4,2*31
$GPGSV,2,1,06,03,47,054,26,06,44,278,30,17,70,346,26,19,56,324,33,1*66
$GPGSV,2,2,06,23,21,108,32,28,46,195,29,,,,,,,,,1*66
$GLGSV,1,1,04,68,53,107,26,69,25,166,35,73,25,245,42,84,33,312,25,1*74
$GPRMC,034811.30,A,3732.9404111,N,12657.5606618,E,26.83,55.82,080819,0.0,E,D*31
$GPGGA,034811.30,3732.9404111,N,12657.5606618,E,5,05,1.0,340.668,M,22.966,M,0.3,*4B
$GPGSA,A,3,03,06,17,19,23,28,,,,,,,3.8,1.6,3.5,1*25
$GLGSA,A,3,68,69,73,84,,,,,,,,,7.9,2.7,7.4,2*31
$GPGSV,2,1,06,03,47,054,26,06,44,278,31,17,70,346,25,19,56,324,33,1*64
$GPGSV,2,2,06,23,21,108,32,28,46,195,29,,,,,,,,,1*66
$GLGSV,1,1,04,68,53,107,26,69,25,166,35,73,25,245,42,84,33,312,25,1*74
$GPRMC,034811.40,A,3732.9403056,N,12657.5606754,E,7.14,61.60,080819,0.0,E,D*0C
$GPGGA,034811.40,3732.9403056,N,12657.5606754,E,5,05,1.0,343.621,M,22.966,M,0.4,*49
$GPGSA,A,3,03,06,17,19,23,28,,,,,,,3.8,1.6,3.5,1*25
$GLGSA,A,3,68,69,73,84,,,,,,,,,7.9,2.7,7.4,2*31
$GPGSV,2,1,06,03,47,054,26,06,44,278,31,17,70,346,25,19,56,324,33,1*64
$GPGSV,2,2,06,23,21,108,32,28,46,195,29,,,,,,,,,1*66
$GLGSV,1,1,04,68,53,107,26,69,25,166,35,73,25,245,42,84,33,312,25,1*74
$GPRMC,034811.50,A,3732.9401783,N,12657.5606345,E,26.83,138.17,080819,0.0,E,D*04
$GPGGA,034811.50,3732.9401783,N,12657.5606345,E,5,05,1.0,346.576,M,22.966,M,0.5,*44
$GPGSA,A,3,03,06,17,19,23,28,,,,,,,3.8,1.6,3.5,1*25
$GLGSA,A,3,68,69,73,84,,,,,,,,,7.9,2.7,7.4,2*31
$GPGSV,2,1,06,03,47,054,26,06,44,278,30,17,70,346,26,19,56,324,33,1*66
$GPGSV,2,2,06,23,21,108,32,28,46,195,29,,,,,,,,,1*66
$GLGSV,1,1,04,68,53,107,26,69,25,166,35,73,25,245,42,84,33,312,25,1*74
$GPRMC,034811.60,A,3732.9399942,N,12657.5605122,E,56.31,216.71,080819,0.0,E,D*03
$GPGGA,034811.60,3732.9399942,N,12657.5605122,E,5,05,1.0,350.976,M,22.966,M,0.6,*4A
$GPGSA,A,3,03,06,17,19,23,28,,,,,,,3.8,1.6,3.5,1*25
$GLGSA,A,3,68,69,73,84,,,,,,,,,7.9,2.7,7.4,2*31
$GPGSV,2,1,06,03,47,054,26,06,44,278,30,17,70,346,26,19,56,324,33,1*66
$GPGSV,2,2,06,23,21,108,32,28,46,195,29,,,,,,,,,1*66
$GLGSV,1,1,04,68,53,107,26,69,25,166,35,73,25,245,42,84,33,312,26,1*77
$GPRMC,034811.70,A,3732.9398473,N,12657.5604035,E,61.89,229.42,080819,0.0,E,D*01
$GPGGA,034811.70,3732.9398473,N,12657.5604035,E,5,05,1.0,353.676,M,22.966,M,0.7,*4E
$GPGSA,A,3,03,06,17,19,23,28,,,,,,,3.8,1.6,3.5,1*25
$GLGSA,A,3,68,69,73,84,,,,,,,,,7.9,2.7,7.4,2*31
$GPGSV,2,1,06,03,47,054,26,06,44,278,30,17,70,346,26,19,56,324,33,1*66
$GPGSV,2,2,06,23,21,108,32,28,46,195,29,,,,,,,,,1*66
$GLGSV,1,1,04,68,53,107,26,69,25,166,35,73,25,245,42,84,33,312,26,1*77
$GPRMC,034811.80,A,3732.9397692,N,12657.5603706,E,53.77,234.14,080819,0.0,E,D*03
$GPGGA,034811.80,3732.9397692,N,12657.5603706,E,5,05,1.0,355.101,M,22.966,M,0.8,*4D
$GPGSA,A,3,03,06,17,19,23,28,,,,,,,3.8,1.6,3.5,1*25
$GLGSA,A,3,68,69,73,84,,,,,,,,,7.9,2.7,7.4,2*31
$GPGSV,2,1,06,03,47,054,26,06,44,278,30,17,70,346,26,19,56,324,33,1*66
$GPGSV,2,2,06,23,21,108,32,28,46,195,29,,,,,,,,,1*66
$GLGSV,1,1,04,68,53,107,26,69,25,166,35,73,25,245,42,84,33,312,26,1*77
$GPRMC,034811.90,A,3732.9397817,N,12657.5604680,E,33.29,237.61,080819,0.0,E,D*05
$GPGGA,034811.90,3732.9397817,N,12657.5604680,E,5,05,1.0,354.914,M,22.966,M,0.9,*4B
$GPGSA,A,3,03,06,17,19,23,28,,,,,,,3.8,1.6,3.5,1*25
$GLGSA,A,3,68,69,73,84,,,,,,,,,7.9,2.7,7.4,2*31
$GPGSV,2,1,06,03,47,054,26,06,44,278,30,17,70,346,26,19,56,324,33,1*66
$GPGSV,2,2,06,23,21,108,33,28,46,195,30,,,,,,,,,1*6F
$GLGSV,1,1,04,68,53,107,27,69,25,166,35,73,25,245,42,84,33,312,26,1*76
$GPRMC,034812.00,A,3732.9397626,N,12657.5605914,E,34.27,239.28,080819,0.0,E,D*0A
$GPGGA,034812.00,3732.9397626,N,12657.5605914,E,5,05,1.0,356.976,M,22.966,M,1.0,*40
$GPGSA,A,3,03,06,17,19,23,28,,,,,,,3.8,1.6,3.5,1*25
$GLGSA,A,3,68,69,73,84,,,,,,,,,7.9,2.7,7.4,2*31
$GPGSV,2,1,06,03,47,054,26,06,44,278,30,17,70,346,26,19,56,324,33,1*66
$GPGSV,2,2,06,23,21,108,33,28,46,195,30,,,,,,,,,1*6F
$GLGSV,1,1,04,68,53,107,27,69,25,166,35,73,25,245,42,84,33,312,26,1*76
$GPRMC,034812.10,A,3732.9397289,N,12657.5607007,E,34.95,230.67,080819,0.0,E,D*08
$GPGGA,034812.10,3732.9397289,N,12657.5607007,E,5,05,1.0,358.961,M,22.966,M,0.1,*41
$GPGSA,A,3,03,06,17,19,23,28,,,,,,,3.8,1.6,3.5,1*25
$GLGSA,A,3,68,69,73,84,,,,,,,,,7.9,2.7,7.4,2*31
$GPGSV,2,1,06,03,47,054,26,06,44,278,30,17,70,346,26,19,56,324,33,1*66
$GPGSV,2,2,06,23,21,108,33,28,46,195,29,,,,,,,,,1*67
$GLGSV,1,1,04,68,53,107,27,69,25,166,35,73,25,245,42,84,33,312,26,1*76
$GPRMC,034812.20,A,3732.9397125,N,12657.5608173,E,26.57,223.61,080819,0.0,E,D*0A
$GPGGA,034812.20,3732.9397125,N,12657.5608173,E,5,05,1.0,359.974,M,22.966,M,0.2,*4C
$GPGSA,A,3,03,06,17,19,23,28,,,,,,,3.8,1.6,3.5,1*25
$GLGSA,A,3,68,69,73,84,,,,,,,,,7.9,2.7,7.4,2*31
$GPGSV,2,1,06,03,47,054,26,06,44,278,30,17,70,346,26,19,56,324,33,1*66
$GPGSV,2,2,06,23,21,108,33,28,46,195,29,,,,,,,,,1*67
$GLGSV,1,1,04,68,53,107,27,69,25,166,36,73,25,245,42,84,33,312,26,1*75
$GPRMC,034812.30,A,3732.9397009,N,12657.5609179,E,22.22,225.71,080819,0.0,E,D*0E
$GPGGA,034812.30,3732.9397009,N,12657.5609179,E,5,05,1.0,361.177,M,22.966,M,0.3,*48
$GPGSA,A,3,03,06,17,19,23,28,,,,,,,3.8,1.6,3.5,1*25
$GLGSA,A,3,68,69,73,84,,,,,,,,,7.9,2.7,7.4,2*31
$GPGSV,2,1,06,03,47,054,26,06,44,278,30,17,70,346,26,19,56,324,33,1*66
$GPGSV,2,2,06,23,21,108,33,28,46,195,29,,,,,,,,,1*67
$GLGSV,1,1,04,68,53,107,27,69,25,166,36,73,25,245,42,84,33,312,26,1*75
$GPRMC,034812.40,A,3732.9396497,N,12657.5609876,E,27.85,206.60,080819,0.0,E,D*04
$GPGGA,034812.40,3732.9396497,N,12657.5609876,E,5,05,1.0,363.351,M,22.966,M,0.4,*48
$GPGSA,A,3,03,06,17,19,23,28,,,,,,,3.8,1.6,3.5,1*25
$GLGSA,A,3,68,69,73,84,,,,,,,,,7.9,2.7,7.4,2*31
$GPGSV,2,1,06,03,47,054,26,06,44,278,30,17,70,346,26,19,56,324,33,1*66
$GPGSV,2,2,06,23,21,108,33,28,46,195,29,,,,,,,,,1*67
$GLGSV,1,1,04,68,53,107,27,69,25,166,36,73,25,245,42,84,33,312,26,1*75
$GPRMC,034812.50,A,3732.9395851,N,12657.5610151,E,30.91,216.80,080819,0.0,E,D*08
$GPGGA,034812.50,3732.9395851,N,12657.5610151,E,5,05,1.0,365.392,M,22.966,M,0.5,*40
$GPGSA,A,3,03,06,17,19,23,28,,,,,,,3.8,1.6,3.5,1*25
$GLGSA,A,3,68,69,73,84,,,,,,,,,7.9,2.7,7.4,2*31
$GPGSV,2,1,06,03,47,054,26,06,44,278,30,17,70,346,26,19,56,324,33,1*66
$GPGSV,2,2,06,23,21,108,33,28,46,195,29,,,,,,,,,1*67
$GLGSV,1,1,04,68,53,107,27,69,25,166,35,73,25,245,42,84,33,312,26,1*76
$GPRMC,034812.60,A,3732.9395814,N,12657.5610773,E,18.10,234.47,080819,0.0,E,D*04
$GPGGA,034812.60,3732.9395814,N,12657.5610773,E,5,05,1.0,365.697,M,22.966,M,0.6,*47
$GPGSA,A,3,03,06,17,19,23,28,,,,,,,3.8,1.6,3.5,1*25
$GLGSA,A,3,68,69,73,84,,,,,,,,,7.9,2.7,7.4,2*31
$GPGSV,2,1,06,03,47,054,26,06,44,278,30,17,70,346,26,19,56,324,33,1*66
$GPGSV,2,2,06,23,21,108,33,28,46,195,29,,,,,,,,,1*67
$GLGSV,1,1,04,68,53,107,27,69,25,166,36,73,25,245,42,84,33,312,27,1*74
$GPRMC,034812.70,A,3732.9396136,N,12657.5612156,E,7.34,239.24,080819,0.0,E,D*3C
$GPGGA,034812.70,3732.9396136,N,12657.5612156,E,5,05,1.0,365.693,M,22.966,M,0.7,*4A
$GPGSA,A,3,03,06,17,19,23,28,,,,,,,3.8,1.6,3.5,1*25
$GLGSA,A,3,68,69,73,84,,,,,,,,,7.9,2.7,7.4,2*31
$GPGSV,2,1,06,03,47,054,26,06,44,278,30,17,70,346,26,19,56,324,33,1*66
$GPGSV,2,2,06,23,21,108,32,28,46,195,29,,,,,,,,,1*66
$GLGSV,1,1,04,68,53,107,27,69,25,166,36,73,25,245,42,84,33,312,27,1*74
$GPRMC,034812.80,A,3732.9396046,N,12657.5613323,E,10.80,160.73,080819,0.0,E,D*00
$GPGGA,034812.80,3732.9396046,N,12657.5613323,E,5,05,1.0,367.219,M,22.966,M,0.8,*49
$GPGSA,A,3,03,06,17,19,23,28,,,,,,,3.8,1.6,3.5,1*25
$GLGSA,A,3,68,69,73,84,,,,,,,,,7.9,2.7,7.4,2*31
$GPGSV,2,1,06,03,47,054,26,06,44,278,30,17,70,346,26,19,56,324,33,1*66
$GPGSV,2,2,06,23,21,108,32,28,46,195,29,,,,,,,,,1*66
$GLGSV,1,1,04,68,53,107,28,69,25,166,36,73,25,245,42,84,33,312,27,1*7B
$GPRMC,034812.90,A,3732.9395968,N,12657.5614430,E,14.93,67.57,080819,0.0,E,D*33
$GPGGA,034812.90,3732.9395968,N,12657.5614430,E,5,05,1.0,368.746,M,22.966,M,0.9,*4D
$GPGSA,A,3,03,06,17,19,23,28,,,,,,,3.8,1.6,3.5,1*25
$GLGSA,A,3,68,69,73,84,,,,,,,,,7.9,2.7,7.4,2*31
$GPGSV,2,1,06,03,47,054,26,06,44,278,30,17,70,346,26,19,56,324,33,1*66
$GPGSV,2,2,06,23,21,108,32,28,46,195,29,,,,,,,,,1*66
$GLGSV,1,1,04,68,53,107,28,69,25,166,36,73,25,245,42,84,33,312,27,1*7B
$GPRMC,034813.00,A,3732.9395582,N,12657.5615323,E,23.02,77.54,080819,0.0,E,D*39
$GPGGA,034813.00,3732.9395582,N,12657.5615323,E,5,05,1.0,370.942,M,22.966,M,1.0,*42
$GPGSA,A,3,03,06,17,19,23,28,,,,,,,3.8,1.6,3.5,1*25
$GLGSA,A,3,68,69,73,84,,,,,,,,,7.9,2.7,7.4,2*31
$GPGSV,2,1,06,03,47,054,26,06,44,278,30,17,70,346,26,19,56,324,33,1*66
$GPGSV,2,2,06,23,21,108,32,28,46,195,29,,,,,,,,,1*66
$GLGSV,1,1,04,68,53,107,28,69,25,166,36,73,25,245,42,84,33,312,27,1*7B
$GPRMC,034813.10,A,3732.9394757,N,12657.5616069,E,37.17,102.25,080819,0.0,E,D*09
$GPGGA,034813.10,3732.9394757,N,12657.5616069,E,5,05,1.0,374.143,M,22.966,M,0.1,*4B
$GPGSA,A,3,03,06,17,19,23,28,,,,,,,3.8,1.6,3.5,1*25
$GLGSA,A,3,68,69,73,84,,,,,,,,,7.9,2.7,7.4,2*31
$GPGSV,2,1,06,03,47,054,26,06,44,278,30,17,70,346,26,19,56,324,33,1*66
$GPGSV,2,2,06,23,21,108,32,28,46,195,29,,,,,,,,,1*66
$GLGSV,1,1,04,68,53,107,28,69,25,166,36,73,25,245,42,84,33,312,27,1*7B
$GPRMC,034813.20,A,3732.9394012,N,12657.5616743,E,41.65,144.03,080819,0.0,E,D*01
$GPGGA,034813.20,3732.9394012,N,12657.5616743,E,5,05,1.0,377.024,M,22.966,M,0.2,*41
$GPGSA,A,3,03,06,17,19,23,28,,,,,,,3.8,1.6,3.5,1*25
$GLGSA,A,3,68,69,73,84,,,,,,,,,7.9,2.7,7.4,2*31
$GPGSV,2,1,06,03,47,054,26,06,44,278,30,17,70,346,26,19,56,324,32,1*67
$GPGSV,2,2,06,23,21,108,32,28,46,195,29,,,,,,,,,1*66
$GLGSV,1,1,04,68,53,107,28,69,25,166,36,73,25,245,42,84,33,312,27,1*7B
$GPRMC,034813.30,A,3732.9393410,N,12657.5617285,E,33.96,175.90,080819,0.0,E,D*0E
$GPGGA,034813.30,3732.9393410,N,12657.5617285,E,5,05,1.0,379.128,M,22.966,M,0.3,*4D
$GPGSA,A,3,03,06,17,19,23,28,,,,,,,3.8,1.6,3.5,1*25
$GLGSA,A,3,68,69,73,84,,,,,,,,,7.9,2.7,7.4,2*31
$GPGSV,2,1,06,03,47,054,26,06,44,278,30,17,70,346,26,19,56,324,32,1*67
$GPGSV,2,2,06,23,21,108,32,28,46,195,29,,,,,,,,,1*66
$GLGSV,1,1,04,68,53,107,28,69,25,166,36,73,25,245,42,84,33,312,27,1*7B
$GPRMC,034813.40,A,3732.9392928,N,12657.5617826,E,30.85,184.28,080819,0.0,E,D*01
$GPGGA,034813.40,3732.9392928,N,12657.5617826,E,5,05,1.0,381.420,M,22.966,M,0.4,*43
$GPGSA,A,3,03,06,17,19,23,28,,,,,,,3.8,1.6,3.5,1*25
$GLGSA,A,3,68,69,73,84,,,,,,,,,7.9,2.7,7.4,2*31
$GPGSV,2,1,06,03,47,054,26,06,44,278,30,17,71,346,26,19,56,324,32,1*66
$GPGSV,2,2,06,23,21,108,32,28,46,195,29,,,,,,,,,1*66
$GLGSV,1,1,04,68,53,107,28,69,25,166,36,73,25,245,42,84,33,312,27,1*7B
$GPRMC,034813.50,A,3732.9392473,N,12657.5618405,E,29.52,176.43,080819,0.0,E,D*03
$GPGGA,034813.50,3732.9392473,N,12657.5618405,E,5,05,1.0,383.785,M,22.966,M,0.5,*4C
$GPGSA,A,3,03,06,17,19,23,28,,,,,,,3.8,1.6,3.5,1*25
$GLGSA,A,3,68,69,73,84,,,,,,,,,7.9,2.7,7.4,2*31
$GPGSV,2,1,06,03,47,054,26,06,44,278,30,17,71,346,26,19,56,324,32,1*66
$GPGSV,2,2,06,23,21,108,32,28,46,195,29,,,,,,,,,1*66
$GLGSV,1,1,04,68,53,107,28,69,25,166,36,73,25,245,42,84,33,312,27,1*7B
$GPRMC,034813.60,A,3732.9392099,N,12657.5619001,E,23.39,168.29,080819,0.0,E,D*05
$GPGGA,034813.60,3732.9392099,N,12657.5619001,E,5,05,1.0,385.682,M,22.966,M,0.6,*4D
$GPGSA,A,3,03,06,17,19,23,28,,,,,,,3.8,1.6,3.5,1*25
$GLGSA,A,3,68,69,73,84,,,,,,,,,7.9,2.7,7.4,2*31
$GPGSV,2,1,06,03,47,054,26,06,44,278,30,17,71,346,26,19,56,324,32,1*66
$GPGSV,2,2,06,23,21,108,32,28,46,195,29,,,,,,,,,1*66
$GLGSV,1,1,04,68,53,107,28,69,25,166,36,73,25,245,42,84,33,312,27,1*7B
$GPRMC,034813.70,A,3732.9391754,N,12657.5619614,E,16.80,169.74,080819,0.0,E,D*0E
$GPGGA,034813.70,3732.9391754,N,12657.5619614,E,5,05,1.0,387.268,M,22.966,M,0.7,*48
$GPGSA,A,3,03,06,17,19,23,28,,,,,,,3.8,1.6,3.5,1*25
$GLGSA,A,3,68,69,73,84,,,,,,,,,7.9,2.7,7.4,2*31
$GPGSV,2,1,06,03,47,054,26,06,44,278,30,17,71,346,26,19,56,324,32,1*66
$GPGSV,2,2,06,23,21,108,32,28,46,195,29,,,,,,,,,1*66
$GLGSV,1,1,04,68,53,107,28,69,25,166,36,73,25,245,42,84,33,312,27,1*7B
$GPRMC,034813.80,A,3732.9391528,N,12657.5620213,E,11.83,166.88,080819,0.0,E,D*09
$GPGGA,034813.80,3732.9391528,N,12657.5620213,E,5,05,1.0,388.729,M,22.966,M,0.8,*47
$GPGSA,A,3,03,06,17,19,23,28,,,,,,,3.8,1.6,3.5,1*25
$GLGSA,A,3,68,69,73,84,,,,,,,,,7.9,2.7,7.4,2*31
$GPGSV,2,1,06,03,47,054,26,06,44,278,30,17,71,346,26,19,56,324,32,1*66
$GPGSV,2,2,06,23,21,108,32,28,46,195,29,,,,,,,,,1*66
$GLGSV,1,1,04,68,53,107,28,69,25,166,36,73,25,245,42,84,33,312,27,1*7B
$GPRMC,034813.90,A,3732.9391488,N,12657.5620895,E,3.28,144.25,080819,0.0,E,D*32
$GPGGA,034813.90,3732.9391488,N,12657.5620895,E,5,05,1.0,389.616,M,22.966,M,0.9,*44
$GPGSA,A,3,03,06,17,19,23,28,,,,,,,3.8,1.6,3.5,1*25
$GLGSA,A,3,68,69,73,84,,,,,,,,,7.9,2.7,7.4,2*31
$GPGSV,2,1,06,03,47,054,25,06,44,278,30,17,71,346,26,19,56,324,32,1*65
$GPGSV,2,2,06,23,21,108,32,28,46,195,29,,,,,,,,,1*66
$GLGSV,1,1,04,68,53,107,28,69,25,166,36,73,25,245,41,84,33,312,27,1*78
$GPRMC,034814.00,A,3732.9391518,N,12657.5621583,E,4.32,89.00,080819,0.0,E,D*04
$GPGGA,034814.00,3732.9391518,N,12657.5621583,E,5,05,1.0,390.198,M,22.966,M,1.0,*48
$GPGSA,A,3,03,06,17,19,23,28,,,,,,,3.8,1.6,3.5,1*25
$GLGSA,A,3,68,69,73,84,,,,,,,,,7.9,2.7,7.4,2*31
$GPGSV,2,1,06,03,47,054,25,06,44,278,30,17,71,346,26,19,56,324,32,1*65
$GPGSV,2,2,06,23,21,108,32,28,46,195,29,,,,,,,,,1*66
$GLGSV,1,1,04,68,53,107,28,69,25,166,36,73,25,245,41,84,33,312,27,1*78
$GPRMC,034814.10,A,3732.9391423,N,12657.5622232,E,4.97,14.47,080819,0.0,E,D*0A
$GPGGA,034814.10,3732.9391423,N,12657.5622232,E,5,05,1.0,391.850,M,22.966,M,0.1,*42
$GPGSA,A,3,03,06,17,19,23,28,,,,,,,3.8,1.6,3.5,1*25
$GLGSA,A,3,68,69,73,84,,,,,,,,,7.9,2.7,7.4,2*31
$GPGSV,2,1,06,03,47,054,25,06,44,278,30,17,71,346,26,19,56,324,32,1*65
$GPGSV,2,2,06,23,21,108,32,28,46,195,29,,,,,,,,,1*66
$GLGSV,1,1,04,68,53,107,28,69,25,166,36,73,25,245,41,84,33,312,27,1*78
$GPRMC,034814.20,A,3732.9391555,N,12657.5622836,E,8.05,239.03,080819,0.0,E,D*3D
$GPGGA,034814.20,3732.9391555,N,12657.5622836,E,5,05,1.0,391.749,M,22.966,M,0.2,*4B
$GPGSA,A,3,03,06,17,19,23,28,,,,,,,3.8,1.6,3.5,1*25
$GLGSA,A,3,68,69,73,84,,,,,,,,,7.9,2.7,7.4,2*31
$GPGSV,2,1,06,03,47,054,25,06,44,278,30,17,71,346,26,19,56,324,32,1*65
$GPGSV,2,2,06,23,21,108,32,28,46,195,29,,,,,,,,,1*66
$GLGSV,1,1,04,68,53,107,28,69,25,166,36,73,25,245,41,84,33,312,28,1*77
$GPRMC,034814.30,A,3732.9391635,N,12657.5623653,E,5.88,35.41,080819,0.0,E,D*05
$GPGGA,034814.30,3732.9391635,N,12657.5623653,E,5,05,1.0,392.425,M,22.966,M,0.3,*48
$GPGSA,A,3,03,06,17,19,23,28,,,,,,,3.8,1.6,3.5,1*25
$GLGSA,A,3,68,69,73,84,,,,,,,,,7.9,2.7,7.4,2*31
$GPGSV,2,1,06,03,47,054,25,06,44,278,30,17,71,346,26,19,56,324,32,1*65
$GPGSV,2,2,06,23,21,108,32,28,46,195,29,,,,,,,,,1*66
$GLGSV,1,1,04,68,53,107,28,69,25,166,36,73,25,245,41,84,33,312,28,1*77
$GPRMC,034814.40,A,3732.9392123,N,12657.5624309,E,24.76,289.22,080819,0.0,E,D*0E
$GPGGA,034814.40,3732.9392123,N,12657.5624309,E,5,05,1.0,391.212,M,22.966,M,0.4,*47
$GPGSA,A,3,03,06,17,19,23,28,,,,,,,3.8,1.6,3.5,1*25
$GLGSA,A,3,68,69,73,84,,,,,,,,,7.9,2.7,7.4,2*31
$GPGSV,2,1,06,03,47,054,25,06,44,278,30,17,71,346,26,19,56,324,32,1*65
$GPGSV,2,2,06,23,21,108,32,28,46,195,29,,,,,,,,,1*66
$GLGSV,1,1,04,68,53,107,29,69,25,166,36,73,25,245,41,84,33,312,28,1*76
$GPRMC,034814.50,A,3732.9392515,N,12657.5625047,E,19.23,349.33,080819,0.0,E,D*05
$GPGGA,034814.50,3732.9392515,N,12657.5625047,E,5,05,1.0,391.356,M,22.966,M,0.5,*4F
$GPGSA,A,3,03,06,17,19,23,28,,,,,,,3.8,1.6,3.5,1*25
$GLGSA,A,3,68,69,73,84,,,,,,,,,7.9,2.7,7.4,2*31
$GPGSV,2,1,06,03,47,054,25,06,44,278,30,17,71,346,26,19,56,324,32,1*65
$GPGSV,2,2,06,23,21,108,32,28,46,195,29,,,,,,,,,1*66
$GLGSV,1,1,04,68,53,107,29,69,25,166,36,73,25,245,41,84,33,312,28,1*76
$GPRMC,034814.60,A,3732.9392993,N,12657.5625814,E,31.37,329.91,080819,0.0,E,D*0B
$GPGGA,034814.60,3732.9392993,N,12657.5625814,E,5,05,1.0,389.957,M,22.966,M,0.6,*41
$GPGSA,A,3,03,06,17,19,23,28,,,,,,,3.8,1.6,3.5,1*25
$GLGSA,A,3,68,69,73,84,,,,,,,,,7.9,2.7,7.4,2*31
$GPGSV,2,1,06,03,47,054,25,06,44,278,31,17,71,346,26,19,56,324,32,1*64
$GPGSV,2,2,06,23,21,108,32,28,46,195,29,,,,,,,,,1*66
$GLGSV,1,1,04,68,53,107,29,69,25,166,36,73,25,245,41,84,33,312,28,1*76
$GPRMC,034814.70,A,3732.9393621,N,12657.5626560,E,40.49,330.31,080819,0.0,E,D*0D
$GPGGA,034814.70,3732.9393621,N,12657.5626560,E,5,05,1.0,388.276,M,22.966,M,0.7,*42
$GPGSA,A,3,03,06,17,19,23,28,,,,,,,3.8,1.6,3.5,1*25
$GLGSA,A,3,68,69,73,84,,,,,,,,,7.9,2.7,7.4,2*31
$GPGSV,2,1,06,03,47,054,25,06,44,278,31,17,71,346,26,19,56,324,32,1*64
$GPGSV,2,2,06,23,21,108,32,28,46,195,29,,,,,,,,,1*66
$GLGSV,1,1,04,68,53,107,29,69,25,166,36,73,25,245,41,84,33,312,28,1*76
$GPRMC,034814.80,A,3732.9394121,N,12657.5627558,E,24.43,4.59,080819,0.0,E,D*0A
$GPGGA,034814.80,3732.9394121,N,12657.5627558,E,5,05,1.0,388.279,M,22.966,M,0.8,*47
$GPGSA,A,3,03,06,17,19,23,28,,,,,,,3.8,1.6,3.5,1*25
$GLGSA,A,3,68,69,73,84,,,,,,,,,7.9,2.7,7.4,2*31
$GPGSV,2,1,06,03,47,054,25,06,44,278,30,17,71,346,26,19,56,324,32,1*65
$GPGSV,2,2,06,23,21,108,32,28,46,195,29,,,,,,,,,1*66
$GLGSV,1,1,04,68,53,107,29,69,25,166,36,73,25,245,41,84,33,312,28,1*76
$GPRMC,034814.90,A,3732.9394394,N,12657.5628487,E,8.34,7.39,080819,0.0,E,D*30
$GPGGA,034814.90,3732.9394394,N,12657.5628487,E,5,05,1.0,388.671,M,22.966,M,0.9,*4B
$GPGSA,A,3,03,06,17,19,23,28,,,,,,,3.8,1.6,3.5,1*25
$GLGSA,A,3,68,69,73,84,,,,,,,,,7.9,2.7,7.4,2*31
$GPGSV,2,1,06,03,47,054,25,06,44,278,31,17,71,346,26,19,56,324,32,1*64
$GPGSV,2,2,06,23,21,108,32,28,46,195,28,,,,,,,,,1*67
$GLGSV,1,1,04,68,53,107,29,69,25,166,36,73,25,245,41,84,33,312,28,1*76
$GPRMC,034815.00,A,3732.9394373,N,12657.5629450,E,10.87,29.53,080819,0.0,E,D*3B
$GPGGA,034815.00,3732.9394373,N,12657.5629450,E,5,05,1.0,389.799,M,22.966,M,1.0,*4F
$GPGSA,A,3,03,06,17,19,23,28,,,,,,,3.8,1.6,3.5,1*25
$GLGSA,A,3,68,69,73,84,,,,,,,,,7.9,2.7,7.4,2*31
$GPGSV,2,1,06,03,47,054,25,06,44,278,31,17,71,346,26,19,56,324,32,1*64
$GPGSV,2,2,06,23,21,108,32,28,46,195,28,,,,,,,,,1*67
$GLGSV,1,1,04,68,53,107,29,69,25,166,36,73,25,245,41,84,33,312,28,1*76
$GPRMC,034815.10,A,3732.9394313,N,12657.5630264,E,11.26,179.70,080819,0.0,E,D*0A
$GPGGA,034815.10,3732.9394313,N,12657.5630264,E,5,05,1.0,390.056,M,22.966,M,0.1,*4D
$GPGSA,A,3,03,06,17,19,22,23,28,,,,,,3.2,1.4,2.9,1*20
$GLGSA,A,3,68,69,73,84,,,,,,,,,7.9,2.7,7.4,2*31
$GPGSV,2,1,07,03,47,054,25,06,44,278,31,17,71,346,26,19,56,324,32,1*65
$GPGSV,2,2,07,22,26,047,24,23,21,108,32,28,46,195,28,,,,,1*57
$GLGSV,1,1,04,68,53,107,29,69,25,166,36,73,25,245,41,84,33,312,28,1*76
$GPRMC,034815.20,A,3732.9394295,N,12657.5631118,E,16.37,174.21,080819,0.0,E,D*01
$GPGGA,034815.20,3732.9394295,N,12657.5631118,E,5,05,1.0,390.856,M,22.966,M,0.2,*43
$GPGSA,A,3,03,06,17,19,22,23,28,,,,,,3.2,1.4,2.9,1*20
$GLGSA,A,3,68,69,73,84,,,,,,,,,7.9,2.7,7.4,2*31
$GPGSV,2,1,07,03,47,054,25,06,44,278,31,17,71,346,26,19,56,324,32,1*65
$GPGSV,2,2,07,22,26,047,24,23,21,108,31,28,46,195,28,,,,,1*54
$GLGSV,1,1,04,68,53,107,29,69,25,166,36,73,25,245,41,84,33,312,28,1*76
$GPRMC,034815.30,A,3732.9394774,N,12657.5631758,E,13.61,200.11,080819,0.0,E,D*0D
$GPGGA,034815.30,3732.9394774,N,12657.5631758,E,5,05,1.0,388.940,M,22.966,M,0.3,*44
$GPGSA,A,3,03,06,17,19,22,23,28,,,,,,3.2,1.4,2.9,1*20
$GLGSA,A,3,68,69,73,84,,,,,,,,,7.9,2.7,7.4,2*31
$GPGSV,2,1,07,03,47,054,25,06,44,278,31,17,71,346,26,19,56,324,32,1*65
$GPGSV,2,2,07,22,26,047,24,23,21,108,31,28,46,195,28,,,,,1*54
$GLGSV,1,1,04,68,53,107,29,69,25,166,36,73,25,245,41,84,33,312,28,1*76
$GPRMC,034815.40,A,3732.9395279,N,12657.5632551,E,21.29,273.49,080819,0.0,E,D*0F
$GPGGA,034815.40,3732.9395279,N,12657.5632551,E,5,05,1.0,387.969,M,22.966,M,0.4,*41
$GPGSA,A,3,03,06,17,19,22,23,28,,,,,,3.2,1.4,2.9,1*20
$GLGSA,A,3,68,69,73,84,,,,,,,,,7.9,2.7,7.4,2*31
$GPGSV,2,1,07,03,47,054,25,06,44,278,31,17,71,346,26,19,56,324,32,1*65
$GPGSV,2,2,07,22,26,047,24,23,21,108,31,28,46,195,28,,,,,1*54
$GLGSV,1,1,04,68,53,107,29,69,25,166,36,73,25,245,41,84,33,312,29,1*77
$GPRMC,034815.50,A,3732.9395874,N,12657.5633258,E,31.89,340.23,080819,0.0,E,D*00
$GPGGA,034815.50,3732.9395874,N,12657.5633258,E,5,05,1.0,386.434,M,22.966,M,0.5,*4D
$GPGSA,A,3,03,06,17,19,22,23,28,,,,,,3.2,1.4,2.9,1*20
$GLGSA,A,3,68,69,73,84,,,,,,,,,7.9,2.7,7.4,2*31
$GPGSV,2,1,07,03,47,054,25,06,44,278,31,17,71,346,26,19,56,324,32,1*65
$GPGSV,2,2,07,22,26,047,24,23,21,108,31,28,46,195,28,,,,,1*54
$GLGSV,1,1,04,68,53,107,29,69,25,166,36,73,25,245,41,84,33,312,29,1*77
$GPRMC,034815.60,A,3732.9396242,N,12657.5634043,E,19.22,357.66,080819,0.0,E,D*0C
$GPGGA,034815.60,3732.9396242,N,12657.5634043,E,5,05,1.0,386.408,M,22.966,M,0.6,*41
$GPGSA,A,3,03,06,17,19,22,23,28,,,,,,3.2,1.4,2.9,1*20
$GLGSA,A,3,68,69,73,84,,,,,,,,,7.9,2.7,7.4,2*31
$GPGSV,2,1,07,03,47,054,24,06,44,278,32,17,71,346,26,19,56,324,32,1*67
$GPGSV,2,2,07,22,26,047,24,23,21,108,31,28,46,195,28,,,,,1*54
$GLGSV,1,1,04,68,53,107,29,69,25,166,36,73,25,245,41,84,33,312,29,1*77
$GPRMC,034815.70,A,3732.9397169,N,12657.5634627,E,54.70,307.67,080819,0.0,E,D*08
$GPGGA,034815.70,3732.9397169,N,12657.5634627,E,5,05,1.0,382.544,M,22.966,M,0.7,*43
$GPGSA,A,3,03,06,17,19,22,23,28,,,,,,3.2,1.4,2.9,1*20
$GLGSA,A,3,68,69,73,84,,,,,,,,,7.9,2.7,7.4,2*31
$GPGSV,2,1,07,03,47,054,24,06,44,278,32,17,71,346,26,19,56,324,32,1*67
$GPGSV,2,2,07,22,26,047,24,23,21,108,31,28,46,195,28,,,,,1*54
$GLGSV,1,1,04,68,53,107,29,69,25,166,36,73,25,245,41,84,33,312,29,1*77
$GPRMC,034815.80,A,3732.9416487,N,12657.5678349,E,297.86,65.97,080819,0.0,E,D*05
$GPGGA,034815.80,3732.9416487,N,12657.5678349,E,5,05,1.0,363.268,M,22.966,M,0.8,*4B
$GPGSA,A,3,03,06,17,19,22,23,28,,,,,,3.2,1.4,2.9,1*20
$GLGSA,A,3,68,69,73,84,,,,,,,,,7.9,2.7,7.4,2*31
$GPGSV,2,1,07,03,47,054,23,06,44,278,32,17,71,346,26,19,56,324,32,1*60
$GPGSV,2,2,07,22,26,047,24,23,21,108,31,28,46,195,28,,,,,1*54
$GLGSV,1,1,04,68,53,107,29,69,25,166,36,73,25,245,41,84,33,312,29,1*77
$GPRMC,034815.90,A,3732.9428278,N,12657.5699530,E,340.91,61.31,080819,0.0,E,D*0D
$GPGGA,034815.90,3732.9428278,N,12657.5699530,E,5,04,1.0,349.174,M,22.966,M,0.9,*40
$GPGSA,A,3,06,17,19,22,23,28,,,,,,,3.6,1.5,3.2,1*2C
$GLGSA,A,3,68,69,73,84,,,,,,,,,7.9,2.7,7.4,2*31
$GPGSV,2,1,06,06,44,278,32,17,71,346,26,19,56,324,32,22,26,047,24,1*60
$GPGSV,2,2,06,23,21,108,31,28,46,195,28,,,,,,,,,1*64
$GLGSV,1,1,04,68,53,107,29,69,25,166,36,73,25,245,41,84,33,312,29,1*77
$GPRMC,034816.00,A,3732.9429219,N,12657.5696390,E,240.06,47.15,080819,0.0,E,D*0F
$GPGGA,034816.00,3732.9429219,N,12657.5696390,E,5,04,1.0,346.179,M,22.966,M,1.0,*45
$GPGSA,A,3,06,17,19,22,23,28,,,,,,,3.6,1.5,3.2,1*2C
$GLGSA,A,3,68,69,73,84,,,,,,,,,7.9,2.7,7.4,2*31
$GPGSV,2,1,06,06,44,278,32,17,71,346,26,19,56,324,32,22,26,047,24,1*60
$GPGSV,2,2,06,23,21,108,31,28,46,195,28,,,,,,,,,1*64
$GLGSV,1,1,04,68,53,107,29,69,25,166,36,73,25,245,41,84,33,312,29,1*77
$GPRMC,034816.10,A,3732.9426097,N,12657.5694493,E,124.84,53.32,080819,0.0,E,D*08
$GPGGA,034816.10,3732.9426097,N,12657.5694493,E,5,04,1.0,348.403,M,22.966,M,0.1,*4F
$GPGSA,A,3,06,17,19,22,23,28,,,,,,,3.6,1.5,3.2,1*2C
$GLGSA,A,3,68,69,73,84,,,,,,,,,7.9,2.7,7.4,2*31
$GPGSV,2,1,06,06,44,278,32,17,71,346,26,19,56,324,32,22,26,047,24,1*60
$GPGSV,2,2,06,23,21,108,31,28,46,195,28,,,,,,,,,1*64
$GLGSV,1,1,04,68,53,107,29,69,25,166,36,73,25,245,41,84,33,312,29,1*77
$GPRMC,034816.20,A,3732.9418661,N,12657.5676482,E,25.84,250.89,080819,0.0,E,D*04
$GPGGA,034816.20,3732.9418661,N,12657.5676482,E,5,04,1.0,354.690,M,22.966,M,0.2,*44
$GPGSA,A,3,06,17,19,22,23,28,,,,,,,3.6,1.5,3.2,1*2C
$GLGSA,A,3,68,69,73,84,,,,,,,,,7.9,2.7,7.4,2*31
$GPGSV,2,1,06,06,44,278,32,17,71,346,26,19,56,324,32,22,26,047,24,1*60
$GPGSV,2,2,06,23,21,108,30,28,46,195,28,,,,,,,,,1*65
$GLGSV,1,1,04,68,53,107,29,69,25,166,36,73,25,245,41,84,33,312,29,1*77
$GPRMC,034816.30,A,3732.9410392,N,12657.5655457,E,94.22,246.94,080819,0.0,E,D*00
$GPGGA,034816.30,3732.9410392,N,12657.5655457,E,5,04,1.0,362.996,M,22.966,M,0.3,*40
$GPGSA,A,3,06,17,19,22,23,28,,,,,,,3.6,1.5,3.2,1*2C
$GLGSA,A,3,68,69,73,84,,,,,,,,,7.9,2.7,7.4,2*31
$GPGSV,2,1,06,06,44,278,32,17,71,346,26,19,56,324,32,22,26,047,24,1*60
$GPGSV,2,2,06,23,21,108,31,28,46,195,28,,,,,,,,,1*64
$GLGSV,1,1,04,68,53,107,29,69,25,166,36,73,25,245,41,84,33,312,29,1*77
$GPRMC,034816.40,A,3732.9402089,N,12657.5636012,E,174.41,244.18,080819,0.0,E,D*31
$GPGGA,034816.40,3732.9402089,N,12657.5636012,E,5,04,1.0,372.996,M,22.966,M,0.4,*4B
$GPGSA,A,3,06,17,19,22,23,28,,,,,,,3.6,1.5,3.2,1*2C
$GLGSA,A,3,68,69,73,84,,,,,,,,,7.9,2.7,7.4,2*31
$GPGSV,2,1,06,06,44,278,32,17,71,346,26,19,56,324,32,22,26,047,24,1*60
$GPGSV,2,2,06,23,21,108,31,28,46,195,28,,,,,,,,,1*64
$GLGSV,1,1,04,68,53,107,29,69,25,166,36,73,25,245,41,84,33,312,29,1*77
$GPRMC,034816.50,A,3732.9395522,N,12657.5620331,E,218.44,242.29,080819,0.0,E,D*30
$GPGGA,034816.50,3732.9395522,N,12657.5620331,E,5,04,1.0,380.934,M,22.966,M,0.5,*46
$GPGSA,A,3,06,17,19,22,23,28,,,,,,,3.6,1.5,3.2,1*2C
$GLGSA,A,3,68,69,73,84,,,,,,,,,7.9,2.7,7.4,2*31
$GPGSV,2,1,06,06,44,278,32,17,71,346,26,19,56,324,32,22,26,047,24,1*60
$GPGSV,2,2,06,23,21,108,31,28,46,195,28,,,,,,,,,1*64
$GLGSV,1,1,04,68,53,107,29,69,25,166,36,73,25,245,41,84,33,312,29,1*77
$GPRMC,034816.60,A,3732.9388110,N,12657.5603896,E,262.54,240.62,080819,0.0,E,D*3C
$GPGGA,034816.60,3732.9388110,N,12657.5603896,E,5,04,1.0,391.247,M,22.966,M,0.6,*47
$GPGSA,A,3,06,17,19,22,23,28,,,,,,,3.6,1.5,3.2,1*2C
$GLGSA,A,3,68,69,73,84,,,,,,,,,7.9,2.7,7.4,2*31
$GPGSV,2,1,06,06,44,278,32,17,71,346,27,19,56,324,32,22,26,047,24,1*61
$GPGSV,2,2,06,23,21,108,30,28,46,195,28,,,,,,,,,1*65
$GLGSV,1,1,04,68,53,107,29,69,25,166,36,73,25,245,41,84,33,312,29,1*77
$GPRMC,034816.70,A,3732.9379235,N,12657.5584689,E,308.17,239.38,080819,0.0,E,D*30
$GPGGA,034816.70,3732.9379235,N,12657.5584689,E,5,04,1.0,403.969,M,22.966,M,0.7,*4A
$GPGSA,A,3,06,17,19,22,23,28,,,,,,,3.6,1.5,3.2,1*2C
$GLGSA,A,3,68,69,73,84,,,,,,,,,7.9,2.7,7.4,2*31
$GPGSV,2,1,06,06,44,278,32,17,71,346,27,19,56,324,32,22,26,047,24,1*61
$GPGSV,2,2,06,23,21,108,30,28,46,195,28,,,,,,,,,1*65
$GLGSV,1,1,04,68,53,107,29,69,25,166,36,73,25,245,41,84,33,312,30,1*7F
$GPRMC,034816.80,A,3732.9369161,N,12657.5562560,E,352.37,239.26,080819,0.0,E,D*32
$GPGGA,034816.80,3732.9369161,N,12657.5562560,E,5,04,1.0,418.566,M,22.965,M,0.8,*4F
$GPGSA,A,3,06,17,19,22,23,28,,,,,,,3.6,1.5,3.2,1*2C
$GLGSA,A,3,68,69,73,84,,,,,,,,,7.9,2.7,7.4,2*31
$GPGSV,2,1,06,06,44,278,32,17,71,346,27,19,56,324,32,22,26,047,24,1*61
$GPGSV,2,2,06,23,21,108,30,28,46,195,28,,,,,,,,,1*65
$GLGSV,1,1,04,68,53,107,29,69,25,166,37,73,25,245,41,84,33,312,30,1*7E
$GPRMC,034816.90,A,3732.9357745,N,12657.5537188,E,395.35,239.59,080819,0.0,E,D*3D
$GPGGA,034816.90,3732.9357745,N,12657.5537188,E,5,04,1.0,435.076,M,22.965,M,0.9,*4B
$GPGSA,A,3,06,17,19,22,23,28,,,,,,,3.6,1.5,3.2,1*2C
$GLGSA,A,3,68,69,73,84,,,,,,,,,7.9,2.7,7.4,2*31
$GPGSV,2,1,06,06,44,278,32,17,71,346,27,19,56,324,32,22,26,047,24,1*61
$GPGSV,2,2,06,23,21,108,30,28,46,195,28,,,,,,,,,1*65
$GLGSV,1,1,04,68,53,107,30,69,25,166,37,73,25,245,41,84,33,312,30,1*76
$GPRMC,034817.00,A,3732.9344768,N,12657.5508337,E,437.77,239.81,080819,0.0,E,D*3E
$GPGGA,034817.00,3732.9344768,N,12657.5508337,E,5,04,1.0,453.600,M,22.965,M,1.0,*4B
$GPGSA,A,3,06,17,19,22,23,28,,,,,,,3.6,1.5,3.2,1*2C
$GLGSA,A,3,68,69,73,84,,,,,,,,,7.9,2.7,7.4,2*31
$GPGSV,2,1,06,06,44,278,32,17,71,346,27,19,56,324,32,22,26,047,24,1*61
$GPGSV,2,2,06,23,21,108,30,28,46,195,28,,,,,,,,,1*65
$GLGSV,1,1,04,68,53,107,30,69,25,166,37,73,25,245,41,84,33,312,30,1*76
$GPRMC,034817.10,A,3732.9330479,N,12657.5476306,E,479.49,240.21,080819,0.0,E,D*36
$GPGGA,034817.10,3732.9330479,N,12657.5476306,E,5,04,1.0,474.116,M,22.965,M,0.1,*45
$GPGSA,A,3,06,17,19,22,23,28,,,,,,,3.6,1.5,3.2,1*2C
$GLGSA,A,3,68,69,73,84,,,,,,,,,7.9,2.7,7.4,2*31
$GPGSV,2,1,06,06,44,278,32,17,71,346,27,19,56,324,32,22,26,047,24,1*61
$GPGSV,2,2,06,23,21,108,30,28,46,195,28,,,,,,,,,1*65
$GLGSV,1,1,04,68,53,107,30,69,25,166,37,73,25,245,41,84,33,312,30,1*76
$GPRMC,034817.20,A,3732.9315019,N,12657.5441651,E,519.36,240.40,080819,0.0,E,D*3B
$GPGGA,034817.20,3732.9315019,N,12657.5441651,E,5,04,1.0,496.243,M,22.965,M,0.2,*4C
$GPGSA,A,3,06,17,19,22,23,28,,,,,,,3.6,1.5,3.2,1*2C
$GLGSA,A,3,68,69,73,84,,,,,,,,,7.9,2.7,7.4,2*31
$GPGSV,2,1,06,06,44,278,32,17,71,346,27,19,56,324,32,22,26,047,24,1*61
$GPGSV,2,2,06,23,21,108,30,28,46,195,28,,,,,,,,,1*65
$GLGSV,1,1,04,68,53,107,30,69,25,166,37,73,25,245,41,84,33,312,30,1*76
$GPRMC,034817.30,A,3732.9298807,N,12657.5405366,E,556.01,240.46,080819,0.0,E,D*31
$GPGGA,034817.30,3732.9298807,N,12657.5405366,E,5,04,1.0,519.474,M,22.965,M,0.3,*4A
$GPGSA,A,3,06,17,19,22,23,28,,,,,,,3.6,1.5,3.2,1*2C
$GLGSA,A,3,68,69,73,84,,,,,,,,,7.9,2.7,7.4,2*31
$GPGSV,2,1,06,06,44,278,32,17,71,346,27,19,56,324,32,22,26,047,24,1*61
$GPGSV,2,2,06,23,21,108,30,28,46,195,28,,,,,,,,,1*65
$GLGSV,1,1,04,68,53,107,30,69,25,166,36,73,25,245,41,84,33,312,30,1*77
$GPRMC,034817.40,A,3732.9282292,N,12657.5368396,E,587.88,240.47,080819,0.0,E,D*34
$GPGGA,034817.40,3732.9282292,N,12657.5368396,E,5,04,1.0,543.162,M,22.965,M,0.4,*49
$GPGSA,A,3,06,17,19,22,23,28,,,,,,,3.6,1.5,3.2,1*2C
$GLGSA,A,3,68,69,73,84,,,,,,,,,7.9,2.7,7.4,2*31
$GPGSV,2,1,06,06,44,278,31,17,71,346,26,19,56,324,32,22,26,047,24,1*63
$GPGSV,2,2,06,23,21,108,30,28,46,195,28,,,,,,,,,1*65
$GLGSV,1,1,04,68,53,107,30,69,25,166,36,73,25,245,41,84,33,312,30,1*77
$GPRMC,034817.50,A,3732.9265802,N,12657.5331317,E,614.29,240.55,080819,0.0,E,D*3B
$GPGGA,034817.50,3732.9265802,N,12657.5331317,E,5,04,1.0,566.863,M,22.965,M,0.5,*49
$GPGSA,A,3,06,17,19,22,23,28,,,,,,,3.6,1.5,3.2,1*2C
$GLGSA,A,3,68,69,73,84,,,,,,,,,7.9,2.7,7.4,2*31
$GPGSV,2,1,06,06,44,278,31,17,71,346,26,19,56,324,32,22,26,047,24,1*63
$GPGSV,2,2,06,23,21,108,30,28,46,195,28,,,,,,,,,1*65
$GLGSV,1,1,04,68,53,107,30,69,25,166,36,73,25,245,42,84,33,312,30,1*74
$GPRMC,034817.60,A,3732.9249827,N,12657.5295601,E,633.56,240.44,080819,0.0,E,D*31
$GPGGA,034817.60,3732.9249827,N,12657.5295601,E,5,04,1.0,589.701,M,22.964,M,0.6,*46
$GPGSA,A,3,06,17,19,22,23,28,,,,,,,3.6,1.5,3.2,1*2C
$GLGSA,A,3,68,69,73,84,,,,,,,,,7.9,2.7,7.4,2*31
$GPGSV,2,1,06,06,44,278,32,17,71,346,26,19,56,324,32,22,26,047,24,1*60
$GPGSV,2,2,06,23,21,108,29,28,46,195,28,,,,,,,,,1*6D
$GLGSV,1,1,04,68,53,107,30,69,25,166,36,73,25,245,42,84,33,312,30,1*74
$GPRMC,034817.70,A,3732.9235121,N,12657.5262704,E,644.03,240.39,080819,0.0,E,D*32
$GPGGA,034817.70,3732.9235121,N,12657.5262704,E,5,04,1.0,610.679,M,22.964,M,0.7,*43
$GPGSA,A,3,06,17,19,22,23,28,,,,,,,3.6,1.5,3.2,1*2C
$GLGSA,A,3,68,69,73,84,,,,,,,,,7.9,2.7,7.4,2*31
$GPGSV,2,1,06,06,44,278,32,17,71,346,26,19,56,324,32,22,26,047,24,1*60
$GPGSV,2,2,06,23,21,108,29,28,46,195,28,,,,,,,,,1*6D
$GLGSV,1,1,04,68,53,107,30,69,25,166,36,73,25,245,42,84,33,312,30,1*74
$GPRMC,034817.80,A,3732.9222375,N,12657.5234109,E,644.40,240.40,080819,0.0,E,D*39
$GPGGA,034817.80,3732.9222375,N,12657.5234109,E,5,04,1.0,628.809,M,22.964,M,0.8,*4C
$GPGSA,A,3,06,17,19,22,23,28,,,,,,,3.6,1.5,3.2,1*2C
$GLGSA,A,3,68,69,73,84,,,,,,,,,7.9,2.7,7.4,2*31
$GPGSV,2,1,06,06,44,278,32,17,71,346,26,19,56,324,32,22,26,047,24,1*60
$GPGSV,2,2,06,23,21,108,29,28,46,195,28,,,,,,,,,1*6D
$GLGSV,1,1,04,68,53,107,30,69,25,166,36,73,25,245,42,84,33,312,30,1*74
$GPRMC,034817.90,A,3732.9212314,N,12657.5211476,E,633.32,240.42,080819,0.0,E,D*31
$GPGGA,034817.90,3732.9212314,N,12657.5211476,E,5,04,1.0,642.975,M,22.964,M,0.9,*44
$GPGSA,A,3,06,17,19,22,23,28,,,,,,,3.6,1.5,3.2,1*2C
$GLGSA,A,3,68,69,73,84,,,,,,,,,7.9,2.7,7.4,2*31
$GPGSV,2,1,06,06,44,278,32,17,71,346,26,19,56,324,32,22,26,047,24,1*60
$GPGSV,2,2,06,23,21,108,29,28,46,195,28,,,,,,,,,1*6D
$GLGSV,1,1,04,68,53,107,30,69,25,166,36,73,25,245,42,84,33,312,30,1*74
$GPRMC,034818.00,A,3732.9205833,N,12657.5196818,E,609.53,240.44,080819,0.0,E,D*3F
$GPGGA,034818.00,3732.9205833,N,12657.5196818,E,5,04,1.0,652.002,M,22.964,M,1.0,*42
$GPGSA,A,3,06,17,19,22,23,28,,,,,,,3.6,1.5,3.2,1*2C
$GLGSA,A,3,68,69,73,84,,,,,,,,,7.9,2.7,7.4,2*31
$GPGSV,2,1,06,06,44,278,31,17,71,346,26,19,56,324,32,22,26,047,24,1*63
$GPGSV,2,2,06,23,21,108,29,28,46,195,28,,,,,,,,,1*6D
$GLGSV,1,1,04,68,53,107,30,69,25,166,36,73,25,245,42,84,33,312,30,1*74
$GPRMC,034818.10,A,3732.9199990,N,12657.5184740,E,584.03,240.34,080819,0.0,E,D*35
$GPGGA,034818.10,3732.9199990,N,12657.5184740,E,5,04,1.0,659.978,M,22.964,M,0.1,*43
$GPGSA,A,3,06,17,19,22,23,28,,,,,,,3.6,1.5,3.2,1*2C
$GLGSA,A,3,68,69,73,84,,,,,,,,,7.9,2.7,7.4,2*31
$GPGSV,2,1,06,06,44,278,31,17,71,346,26,19,56,324,32,22,26,047,24,1*63
$GPGSV,2,2,06,23,21,108,29,28,46,195,28,,,,,,,,,1*6D
$GLGSV,1,1,04,68,53,107,30,69,25,166,36,73,25,245,42,84,33,312,30,1*74
$GPRMC,034818.20,A,3732.9197403,N,12657.5179881,E,549.07,240.30,080819,0.0,E,D*3E
$GPGGA,034818.20,3732.9197403,N,12657.5179881,E,5,04,1.0,663.133,M,22.964,M,0.2,*44
$GPGSA,A,3,06,17,19,22,23,28,,,,,,,3.6,1.5,3.2,1*2C
$GLGSA,A,3,68,69,73,84,,,,,,,,,7.9,2.7,7.4,2*31
$GPGSV,2,1,06,06,44,278,31,17,71,346,26,19,56,324,32,22,26,047,24,1*63
$GPGSV,2,2,06,23,21,108,29,28,46,195,28,,,,,,,,,1*6D
$GLGSV,1,1,04,68,53,107,30,69,25,166,36,73,25,245,42,84,33,312,30,1*74
$GPRMC,034818.30,A,3732.9198247,N,12657.5182626,E,505.59,240.31,080819,0.0,E,D*33
$GPGGA,034818.30,3732.9198247,N,12657.5182626,E,5,04,1.0,661.340,M,22.964,M,0.3,*4E
$GPGSA,A,3,06,17,19,22,23,28,,,,,,,3.6,1.5,3.2,1*2C
$GLGSA,A,3,68,69,73,84,,,,,,,,,7.9,2.7,7.4,2*31
$GPGSV,2,1,06,06,44,278,31,17,71,346,26,19,56,324,32,22,26,047,24,1*63
$GPGSV,2,2,06,23,21,108,29,28,46,195,28,,,,,,,,,1*6D
$GLGSV,1,1,04,68,53,107,30,69,25,166,36,73,25,245,42,84,33,312,30,1*74
$GPRMC,034818.40,A,3732.9201945,N,12657.5191654,E,456.29,240.34,080819,0.0,E,D*3C
$GPGGA,034818.40,3732.9201945,N,12657.5191654,E,5,04,1.0,655.361,M,22.964,M,0.4,*47
$GPGSA,A,3,06,17,19,22,23,28,,,,,,,3.6,1.5,3.2,1*2C
$GLGSA,A,3,68,69,73,84,,,,,,,,,7.9,2.7,7.4,2*31
$GPGSV,2,1,06,06,44,278,31,17,71,346,26,19,56,324,32,22,26,047,25,1*62
$GPGSV,2,2,06,23,21,108,29,28,46,195,28,,,,,,,,,1*6D
$GLGSV,1,1,04,68,53,107,30,69,25,166,36,73,25,245,42,84,33,312,30,1*74
$GPRMC,034818.50,A,3732.9212397,N,12657.5214878,E,390.51,240.31,080819,0.0,E,D*33
$GPGGA,034818.50,3732.9212397,N,12657.5214878,E,5,04,1.0,639.531,M,22.964,M,0.5,*47
$GPGSA,A,3,06,17,19,22,23,28,,,,,,,3.6,1.5,3.2,1*2C
$GLGSA,A,3,68,69,73,84,,,,,,,,,7.9,2.7,7.4,2*31
$GPGSV,2,1,06,06,44,278,31,17,71,346,26,19,56,324,32,22,26,047,24,1*63
$GPGSV,2,2,06,23,21,108,29,28,46,195,28,,,,,,,,,1*6D
$GLGSV,1,1,04,68,53,107,30,69,25,166,36,73,25,245,42,84,33,312,30,1*74
$GPRMC,034818.60,A,3732.9224854,N,12657.5242448,E,323.75,240.47,080819,0.0,E,D*32
$GPGGA,034818.60,3732.9224854,N,12657.5242448,E,5,04,1.0,620.899,M,22.964,M,0.6,*4D
$GPGSA,A,3,06,17,19,22,23,28,,,,,,,3.6,1.5,3.2,1*2C
$GLGSA,A,3,68,69,73,84,,,,,,,,,7.9,2.7,7.4,2*31
$GPGSV,2,1,06,06,44,278,31,17,71,346,26,19,56,324,31,22,26,047,24,1*60
$GPGSV,2,2,06,23,21,108,28,28,46,195,28,,,,,,,,,1*6C
$GLGSV,1,1,04,68,53,107,30,69,25,166,36,73,25,245,42,84,33,312,30,1*74
$GPRMC,034818.70,A,3732.9238090,N,12657.5271792,E,259.34,240.56,080819,0.0,E,D*33
$GPGGA,034818.70,3732.9238090,N,12657.5271792,E,5,04,1.0,601.130,M,22.964,M,0.7,*4D
$GPGSA,A,3,06,17,19,22,23,28,,,,,,,3.6,1.5,3.2,1*2C
$GLGSA,A,3,68,69,73,84,,,,,,,,,7.9,2.7,7.4,2*31
$GPGSV,2,1,06,06,44,278,31,17,71,346,26,19,56,324,31,22,26,047,24,1*60
$GPGSV,2,2,06,23,21,108,28,28,46,195,28,,,,,,,,,1*6C
$GLGSV,1,1,04,68,53,107,30,69,25,166,36,73,25,245,42,84,33,312,30,1*74
$GPRMC,034818.80,A,3732.9300472,N,12657.5411347,E,31.59,240.64,080819,0.0,E,D*04
$GPGGA,034818.80,3732.9300472,N,12657.5411347,E,5,04,1.0,509.423,M,22.965,M,0.8,*4E
$GPGSA,A,3,06,17,19,22,23,28,,,,,,,3.6,1.5,3.2,1*2C
$GLGSA,A,3,68,69,73,84,,,,,,,,,7.9,2.7,7.4,2*31
$GPGSV,2,1,06,06,44,278,31,17,71,346,26,19,56,324,31,22,26,047,24,1*60
$GPGSV,2,2,06,23,21,108,28,28,46,195,28,,,,,,,,,1*6C
$GLGSV,1,1,04,68,53,107,30,69,25,166,36,73,25,245,42,84,33,312,30,1*74
$GPRMC,034818.90,A,3732.9308769,N,12657.5429966,E,7.20,69.80,080819,0.0,E,D*0E
$GPGGA,034818.90,3732.9308769,N,12657.5429966,E,5,04,1.0,496.863,M,22.965,M,0.9,*42
$GPGSA,A,3,06,17,19,22,23,28,,,,,,,3.6,1.5,3.2,1*2C
$GLGSA,A,3,68,69,73,84,,,,,,,,,7.9,2.7,7.4,2*31
$GPGSV,2,1,06,06,44,278,31,17,71,346,26,19,56,324,31,22,26,047,24,1*60
$GPGSV,2,2,06,23,21,108,28,28,46,195,28,,,,,,,,,1*6C
$GLGSV,1,1,04,68,53,107,30,69,25,166,36,73,25,245,42,84,33,312,30,1*74
$GPRMC,034819.00,A,3732.9311223,N,12657.5435561,E,22.32,61.78,080819,0.0,E,D*38
$GPGGA,034819.00,3732.9311223,N,12657.5435561,E,5,04,1.0,492.885,M,22.965,M,1.0,*4B
$GPGSA,A,3,06,17,19,22,23,28,,,,,,,3.6,1.5,3.2,1*2C
$GLGSA,A,3,68,69,73,84,,,,,,,,,7.9,2.7,7.4,2*31
$GPGSV,2,1,06,06,44,278,31,17,71,346,26,19,56,324,31,22,26,047,24,1*60
$GPGSV,2,2,06,23,21,108,28,28,46,195,28,,,,,,,,,1*6C
$GLGSV,1,1,04,68,53,107,30,69,25,166,36,73,25,245,42,84,33,312,30,1*74
$GPRMC,034819.10,A,3732.9312801,N,12657.5439188,E,29.66,61.38,080819,0.0,E,D*31
$GPGGA,034819.10,3732.9312801,N,12657.5439188,E,5,04,1.0,490.303,M,22.965,M,0.1,*4B
$GPGSA,A,3,06,17,19,22,23,28,,,,,,,3.6,1.5,3.2,1*2C
$GLGSA,A,3,68,69,73,84,,,,,,,,,7.9,2.7,7.4,2*31
$GPGSV,2,1,06,06,44,278,31,17,71,346,26,19,56,324,31,22,26,047,24,1*60
$GPGSV,2,2,06,23,21,108,28,28,46,195,28,,,,,,,,,1*6C
$GLGSV,1,1,04,68,53,107,30,69,25,166,36,73,25,245,42,84,33,312,30,1*74
$GPRMC,034819.20,A,3732.9314574,N,12657.5443328,E,33.05,62.33,080819,0.0,E,D*38
$GPGGA,034819.20,3732.9314574,N,12657.5443328,E,5,04,1.0,487.432,M,22.965,M,0.2,*44
$GPGSA,A,3,06,17,19,22,23,28,,,,,,,3.6,1.5,3.2,1*2C
$GLGSA,A,3,68,69,73,84,,,,,,,,,7.9,2.7,7.4,2*31
$GPGSV,2,1,06,06,44,278,31,17,71,346,26,19,56,324,31,22,26,047,24,1*60
$GPGSV,2,2,06,23,21,108,28,28,46,195,28,,,,,,,,,1*6C
$GLGSV,1,1,04,68,53,107,30,69,25,166,36,73,25,245,42,84,33,312,30,1*74
$GPRMC,034819.30,A,3732.9397361,N,12657.5386127,E,454.75,325.68,080819,0.0,E,D*3F
$GPGGA,034819.30,3732.9397361,N,12657.5386127,E,5,04,1.0,482.762,M,22.965,M,0.3,*4D
$GPGSA,A,3,06,17,19,22,23,28,,,,,,,3.6,1.5,3.2,1*2C
$GLGSA,A,3,68,69,73,84,,,,,,,,,7.9,2.7,7.4,2*31
$GPGSV,2,1,06,06,44,278,31,17,71,346,26,19,56,324,31,22,26,047,25,1*61
$GPGSV,2,2,06,23,21,108,28,28,46,195,28,,,,,,,,,1*6C
$GLGSV,1,1,04,68,53,107,30,69,25,166,36,73,25,245,42,84,33,312,30,1*74
$GPRMC,034819.40,A,3732.9424943,N,12657.5358105,E,496.32,301.92,080819,0.0,E,D*30
$GPGGA,034819.40,3732.9424943,N,12657.5358105,E,5,07,1.0,477.866,M,22.965,M,0.4,*49
$GPGSA,A,3,06,17,19,22,23,28,,,,,,,3.6,1.5,3.2,1*2C
$GLGSA,A,3,68,69,73,84,,,,,,,,,7.9,2.7,7.4,2*31
$GPGSV,2,1,06,06,44,278,31,17,71,346,26,19,56,324,31,22,26,047,25,1*61
$GPGSV,2,2,06,23,21,108,28,28,46,195,27,,,,,,,,,1*63
$GLGSV,1,1,04,68,53,107,30,69,25,166,36,73,25,245,42,84,33,312,30,1*74
$GPRMC,034819.50,A,3732.9402263,N,12657.5308411,E,454.22,247.76,080819,0.0,E,D*3F
$GPGGA,034819.50,3732.9402263,N,12657.5308411,E,5,07,1.0,503.451,M,22.964,M,0.5,*4A
$GPGSA,A,3,06,17,19,22,23,28,,,,,,,3.6,1.5,3.2,1*2C
$GLGSA,A,3,68,69,73,84,,,,,,,,,7.9,2.7,7.4,2*31
$GPGSV,2,1,06,06,44,278,31,17,71,346,26,19,56,324,31,22,26,047,25,1*61
$GPGSV,2,2,06,23,21,108,28,28,46,195,27,,,,,,,,,1*63
$GLGSV,1,1,04,68,53,107,30,69,25,166,36,73,25,245,42,84,33,312,30,1*74
$GPRMC,034819.60,A,3732.9361070,N,12657.5239367,E,370.78,210.11,080819,0.0,E,D*36
$GPGGA,034819.60,3732.9361070,N,12657.5239367,E,5,07,1.0,546.203,M,22.964,M,0.6,*4D
$GPGSA,A,3,06,17,19,22,23,28,,,,,,,3.6,1.5,3.2,1*2C
$GLGSA,A,3,68,69,73,84,,,,,,,,,7.9,2.7,7.4,2*31
$GPGSV,2,1,06,06,44,278,31,17,71,346,26,19,56,324,31,22,26,047,24,1*60
$GPGSV,2,2,06,23,21,108,28,28,46,195,27,,,,,,,,,1*63
$GLGSV,1,1,04,68,53,107,30,69,25,166,36,73,25,245,42,84,33,312,30,1*74
$GPRMC,034819.70,A,3732.9322292,N,12657.5180131,E,231.75,194.18,080819,0.0,E,D*31
$GPGGA,034819.70,3732.9322292,N,12657.5180131,E,5,07,1.0,586.062,M,22.964,M,0.7,*4D
$GPGSA,A,3,06,17,19,22,23,28,,,,,,,3.6,1.5,3.2,1*2C
$GLGSA,A,3,68,69,73,84,,,,,,,,,7.9,2.7,7.4,2*31
$GPGSV,2,1,06,06,44,278,31,17,71,346,25,19,56,324,31,22,26,047,24,1*63
$GPGSV,2,2,06,23,21,108,28,28,46,195,28,,,,,,,,,1*6C
$GLGSV,1,1,04,68,53,107,30,69,25,166,36,73,25,245,42,84,33,312,30,1*74
$GPRMC,034819.80,A,3732.9308424,N,12657.5148322,E,112.45,189.17,080819,0.0,E,D*3B
$GPGGA,034819.80,3732.9308424,N,12657.5148322,E,5,07,1.0,606.240,M,22.964,M,0.8,*43
$GPGSA,A,3,06,17,19,22,23,28,,,,,,,3.6,1.5,3.2,1*2C
$GLGSA,A,3,68,69,73,84,,,,,,,,,7.9,2.7,7.4,2*31
$GPGSV,2,1,06,06,44,278,31,17,71,346,25,19,56,324,31,22,26,047,24,1*63
$GPGSV,2,2,06,23,21,108,28,28,46,195,28,,,,,,,,,1*6C
$GLGSV,1,1,04,68,53,107,30,69,25,166,36,73,25,245,42,84,33,312,30,1*74
$GPRMC,034819.90,A,3732.9307022,N,12657.5136350,E,21.05,176.50,080819,0.0,E,D*0D
$GPGGA,034819.90,3732.9307022,N,12657.5136350,E,5,07,1.0,613.023,M,22.964,M,0.9,*41
$GPGSA,A,3,06,17,19,22,23,28,,,,,,,3.6,1.5,3.2,1*2C
$GLGSA,A,3,68,69,73,84,,,,,,,,,7.9,2.7,7.4,2*31
$GPGSV,2,1,06,06,44,278,31,17,71,346,25,19,56,324,31,22,26,047,24,1*63
$GPGSV,2,2,06,23,21,108,28,28,46,195,28,,,,,,,,,1*6C
$GLGSV,1,1,04,68,53,107,30,69,25,166,36,73,25,245,42,84,33,312,30,1*74
$GPRMC,034820.00,A,3732.9322908,N,12657.5135282,E,251.71,272.43,080819,0.0,E,D*36
$GPGGA,034820.00,3732.9322908,N,12657.5135282,E,5,07,1.0,611.770,M,22.964,M,1.0,*42
$GPGSA,A,3,06,17,19,22,23,28,,,,,,,3.6,1.5,3.2,1*2C
$GLGSA,A,3,68,69,73,84,,,,,,,,,7.9,2.7,7.4,2*31
$GPGSV,2,1,06,06,44,278,31,17,71,346,25,19,56,324,31,22,26,047,24,1*63
$GPGSV,2,2,06,23,21,108,27,28,46,195,28,,,,,,,,,1*63
$GLGSV,1,1,04,68,53,107,30,69,25,166,36,73,25,245,42,84,33,312,30,1*74
$GPRMC,034820.10,A,3732.9321461,N,12657.5102779,E,355.14,269.51,080819,0.0,E,D*3C
$GPGGA,034820.10,3732.9321461,N,12657.5102779,E,5,07,1.0,628.090,M,22.963,M,0.1,*43
$GPGSA,A,3,06,17,19,22,23,28,,,,,,,3.6,1.5,3.2,1*2C
$GLGSA,A,3,68,69,73,84,,,,,,,,,7.9,2.7,7.4,2*31
$GPGSV,2,1,06,06,44,278,31,17,71,346,25,19,56,324,31,22,26,047,24,1*63
$GPGSV,2,2,06,23,21,108,28,28,46,195,28,,,,,,,,,1*6C
$GLGSV,1,1,04,68,53,107,30,69,25,166,36,73,25,245,42,84,33,312,30,1*74
$GPRMC,034820.20,A,3732.9314795,N,12657.5068373,E,377.88,263.77,080819,0.0,E,D*39
$GPGGA,034820.20,3732.9314795,N,12657.5068373,E,5,07,1.0,645.139,M,22.963,M,0.2,*47
$GPGSA,A,3,06,17,19,22,23,28,,,,,,,3.6,1.5,3.2,1*2C
$GLGSA,A,3,68,69,73,84,,,,,,,,,7.9,2.7,7.4,2*31
$GPGSV,2,1,06,06,44,278,31,17,71,346,25,19,56,324,31,22,26,047,24,1*63
$GPGSV,2,2,06,23,21,108,28,28,46,195,28,,,,,,,,,1*6C
$GLGSV,1,1,04,68,53,107,30,69,25,166,36,73,25,245,42,84,33,312,30,1*74
$GPRMC,034820.30,A,3732.9311144,N,12657.5055810,E,286.49,259.97,080819,0.0,E,D*32
$GPGGA,034820.30,3732.9311144,N,12657.5055810,E,5,07,1.0,649.776,M,22.963,M,0.3,*49
$GPGSA,A,3,06,17,19,22,23,28,,,,,,,3.6,1.5,3.2,1*2C
$GLGSA,A,3,68,69,73,84,,,,,,,,,7.9,2.7,7.4,2*31
$GPGSV,2,1,06,06,44,278,31,17,71,346,25,19,56,324,31,22,26,047,24,1*63
$GPGSV,2,2,06,23,21,108,27,28,46,195,28,,,,,,,,,1*63
$GLGSV,1,1,04,68,53,107,29,69,25,166,36,73,25,245,42,84,33,312,30,1*7C
$GPRMC,034820.40,A,3732.9310877,N,12657.5057058,E,181.13,255.50,080819,0.0,E,D*37
$GPGGA,034820.40,3732.9310877,N,12657.5057058,E,5,07,1.0,647.754,M,22.963,M,0.4,*49
$GPGSA,A,3,06,17,19,22,23,28,,,,,,,3.6,1.5,3.2,1*2C
$GLGSA,A,3,68,69,73,84,,,,,,,,,7.9,2.7,7.4,2*31
$GPGSV,2,1,06,06,44,278,31,17,71,346,25,19,56,324,31,22,26,047,24,1*63
$GPGSV,2,2,06,23,21,108,27,28,46,195,28,,,,,,,,,1*63
$GLGSV,1,1,04,68,53,107,29,69,25,166,36,73,25,245,42,84,33,312,30,1*7C
$GPRMC,034820.50,A,3732.9310310,N,12657.5057297,E,114.12,247.90,080819,0.0,E,D*3F
$GPGGA,034820.50,3732.9310310,N,12657.5057297,E,5,07,1.0,647.571,M,22.963,M,0.5,*47
$GPGSA,A,3,06,17,19,22,23,28,,,,,,,3.6,1.5,3.2,1*2C
$GLGSA,A,3,68,69,73,84,,,,,,,,,7.9,2.7,7.4,2*31
$GPGSV,2,1,06,06,44,278,31,17,71,346,25,19,56,324,31,22,26,047,25,1*62
$GPGSV,2,2,06,23,21,108,27,28,46,195,28,,,,,,,,,1*63
$GLGSV,1,1,04,68,53,107,29,69,25,166,37,73,25,245,42,84,33,312,30,1*7D
$GPRMC,034820.60,A,3732.9308285,N,12657.5050570,E,90.27,237.99,080819,0.0,E,D*04
$GPGGA,034820.60,3732.9308285,N,12657.5050570,E,5,07,1.0,651.996,M,22.963,M,0.6,*48
$GPGSA,A,3,06,17,19,22,23,28,,,,,,,3.6,1.5,3.2,1*2C
$GLGSA,A,3,68,69,73,84,,,,,,,,,7.9,2.7,7.5,2*30
$GPGSV,2,1,06,06,44,278,31,17,71,346,25,19,56,324,31,22,26,047,25,1*62
$GPGSV,2,2,06,23,21,108,27,28,46,195,28,,,,,,,,,1*63
$GLGSV,1,1,04,68,53,107,29,69,25,166,37,73,25,245,42,84,33,312,30,1*7D
$GPRMC,034820.70,A,3732.9310423,N,12657.5058072,E,15.79,215.25,080819,0.0,E,D*08
$GPGGA,034820.70,3732.9310423,N,12657.5058072,E,5,07,1.0,647.033,M,22.963,M,0.7,*45
$GPGSA,A,3,06,17,19,22,23,28,,,,,,,3.6,1.5,3.2,1*2C
$GLGSA,A,3,68,69,73,84,,,,,,,,,7.9,2.7,7.5,2*30
$GPGSV,2,1,06,06,44,278,31,17,71,346,25,19,56,324,31,22,26,047,25,1*62
$GPGSV,2,2,06,23,21,108,27,28,46,195,28,,,,,,,,,1*63
$GLGSV,1,1,04,68,53,107,29,69,25,166,37,73,25,245,42,84,33,312,30,1*7D
$GPRMC,034820.80,A,3732.9311728,N,12657.5062607,E,32.46,79.52,080819,0.0,E,D*32
$GPGGA,034820.80,3732.9311728,N,12657.5062607,E,5,07,1.0,644.105,M,22.963,M,0.8,*46
$GPGSA,A,3,06,17,19,22,23,28,,,,,,,3.6,1.5,3.2,1*2C
$GLGSA,A,3,68,69,73,84,,,,,,,,,7.9,2.7,7.5,2*30
$GPGSV,2,1,06,06,44,278,30,17,71,346,25,19,56,324,31,22,26,047,25,1*63
$GPGSV,2,2,06,23,21,108,27,28,46,195,28,,,,,,,,,1*63
$GLGSV,1,1,04,68,53,107,29,69,25,166,36,73,25,245,42,84,33,312,30,1*7C
$GPRMC,034820.90,A,3732.9315218,N,12657.5075534,E,101.82,72.21,080819,0.0,E,D*02
$GPGGA,034820.90,3732.9315218,N,12657.5075534,E,5,07,1.0,635.949,M,22.963,M,0.9,*47
$GPGSA,A,3,06,17,19,22,23,28,,,,,,,3.6,1.5,3.2,1*2C
$GLGSA,A,3,68,69,73,84,,,,,,,,,7.9,2.7,7.5,2*30
$GPGSV,2,1,06,06,44,278,30,17,71,346,25,19,56,324,31,22,26,047,25,1*63
$GPGSV,2,2,06,23,21,108,27,28,46,195,28,,,,,,,,,1*63
$GLGSV,1,1,04,68,53,107,29,69,25,166,37,73,25,245,42,84,33,312,30,1*7D
$GPRMC,034821.00,A,3732.9315924,N,12657.5079522,E,116.02,73.63,080819,0.0,E,D*0C
$GPGGA,034821.00,3732.9315924,N,12657.5079522,E,5,07,1.0,633.804,M,22.963,M,1.0,*46
$GPGSA,A,3,06,17,19,22,23,28,,,,,,,3.6,1.5,3.2,1*2C
$GLGSA,A,3,68,69,73,84,,,,,,,,,7.9,2.7,7.5,2*30
$GPGSV,2,1,06,06,44,278,30,17,71,346,25,19,56,324,30,22,26,047,25,1*62
$GPGSV,2,2,06,23,21,108,27,28,46,195,28,,,,,,,,,1*63
$GLGSV,1,1,04,68,53,107,29,69,25,166,37,73,25,245,42,84,33,312,30,1*7D
$GPRMC,034821.10,A,3732.9312846,N,12657.5068659,E,60.19,75.01,080819,0.0,E,D*38
$GPGGA,034821.10,3732.9312846,N,12657.5068659,E,5,07,1.0,640.745,M,22.963,M,0.1,*44
$GPGSA,A,3,06,17,19,22,23,28,,,,,,,3.6,1.5,3.2,1*2C
$GLGSA,A,3,68,69,73,84,,,,,,,,,7.9,2.7,7.5,2*30
$GPGSV,2,1,06,06,44,278,30,17,71,346,25,19,56,324,31,22,26,047,25,1*63
$GPGSV,2,2,06,23,21,108,26,28,46,195,27,,,,,,,,,1*6D
$GLGSV,1,1,04,68,53,107,29,69,25,166,37,73,25,245,42,84,33,312,30,1*7D
$GPRMC,034821.20,A,3732.9311387,N,12657.5063049,E,34.99,73.22,080819,0.0,E,D*3C
$GPGGA,034821.20,3732.9311387,N,12657.5063049,E,5,07,1.0,643.424,M,22.963,M,0.2,*4A
$GPGSA,A,3,06,17,19,22,23,28,,,,,,,3.6,1.5,3.2,1*2C
$GLGSA,A,3,68,69,73,84,,,,,,,,,7.9,2.7,7.5,2*30
$GPGSV,2,1,06,06,44,278,30,17,71,346,25,19,56,324,31,22,26,047,25,1*63
$GPGSV,2,2,06,23,21,108,26,28,46,195,27,,,,,,,,,1*6D
$GLGSV,1,1,04,68,53,107,29,69,25,166,37,73,25,245,42,84,33,312,30,1*7D
$GPRMC,034821.30,A,3732.9309116,N,12657.5053839,E,5.86,67.49,080819,0.0,E,D*06
$GPGGA,034821.30,3732.9309116,N,12657.5053839,E,5,07,1.0,648.135,M,22.963,M,0.3,*4B
$GPGSA,A,3,06,17,19,22,23,28,,,,,,,3.6,1.5,3.2,1*2C
$GLGSA,A,3,68,69,73,84,,,,,,,,,7.9,2.7,7.5,2*30
$GPGSV,2,1,06,06,44,278,29,17,71,346,25,19,56,324,30,22,26,047,25,1*6A
$GPGSV,2,2,06,23,21,108,26,28,46,195,27,,,,,,,,,1*6D
$GLGSV,1,1,04,68,53,107,29,69,25,166,37,73,25,245,42,84,33,312,30,1*7D
$GPRMC,034821.40,A,3732.9307995,N,12657.5049237,E,14.42,258.75,080819,0.0,E,D*0A
$GPGGA,034821.40,3732.9307995,N,12657.5049237,E,5,07,1.0,649.689,M,22.963,M,0.4,*48
$GPGSA,A,3,06,17,19,22,23,28,,,,,,,3.6,1.5,3.2,1*2C
$GLGSA,A,3,68,69,73,84,,,,,,,,,7.9,2.7,7.5,2*30
$GPGSV,2,1,06,06,44,278,29,17,71,346,25,19,56,324,30,22,26,047,25,1*6A
$GPGSV,2,2,06,23,21,108,26,28,46,195,27,,,,,,,,,1*6D
$GLGSV,1,1,04,68,53,107,29,69,25,166,37,73,25,245,42,84,33,312,30,1*7D
$GPRMC,034821.50,A,3732.9306711,N,12657.5043999,E,28.40,254.56,080819,0.0,E,D*0D
$GPGGA,034821.50,3732.9306711,N,12657.5043999,E,5,07,1.0,651.961,M,22.963,M,0.5,*4E
$GPGSA,A,3,06,17,19,22,23,28,,,,,,,3.6,1.5,3.2,1*2C
$GLGSA,A,3,68,69,73,84,,,,,,,,,7.9,2.7,7.5,2*30
$GPGSV,2,1,06,06,44,278,29,17,71,346,25,19,56,324,30,22,26,047,25,1*6A
$GPGSV,2,2,06,23,21,108,26,28,46,195,27,,,,,,,,,1*6D
$GLGSV,1,1,04,68,53,107,29,69,25,166,37,73,25,245,42,84,33,312,30,1*7D
$GPRMC,034821.60,A,3732.9306451,N,12657.5043360,E,19.24,253.43,080819,0.0,E,D*06
$GPGGA,034821.60,3732.9306451,N,12657.5043360,E,5,07,1.0,651.559,M,22.963,M,0.6,*42
$GPGSA,A,3,06,17,19,22,23,28,,,,,,,3.6,1.5,3.2,1*2C
$GLGSA,A,3,68,69,73,84,,,,,,,,,7.9,2.7,7.5,2*30
$GPGSV,2,1,06,06,44,278,29,17,71,346,25,19,56,324,30,22,26,047,25,1*6A
$GPGSV,2,2,06,23,21,108,26,28,46,195,26,,,,,,,,,1*6C
$GLGSV,1,1,04,68,53,107,29,69,25,166,36,73,25,245,42,84,33,312,30,1*7C
$GPRMC,034821.70,A,3732.9305883,N,12657.5041154,E,21.59,251.35,080819,0.0,E,D*02
$GPGGA,034821.70,3732.9305883,N,12657.5041154,E,5,07,1.0,652.453,M,22.963,M,0.7,*4D
$GPGSA,A,3,06,17,19,22,23,28,,,,,,,3.6,1.5,3.2,1*2C
$GLGSA,A,3,68,69,73,84,,,,,,,,,7.9,2.7,7.5,2*30
$GPGSV,2,1,06,06,44,278,29,17,71,346,25,19,56,324,30,22,26,047,25,1*6A
$GPGSV,2,2,06,23,21,108,26,28,46,195,26,,,,,,,,,1*6C
$GLGSV,1,1,04,68,53,107,29,69,25,166,36,73,25,245,43,84,33,312,30,1*7D
$GPRMC,034821.80,A,3732.9304981,N,12657.5037611,E,30.51,250.11,080819,0.0,E,D*07
$GPGGA,034821.80,3732.9304981,N,12657.5037611,E,5,07,1.0,654.238,M,22.963,M,0.8,*45
$GPGSA,A,3,06,17,19,22,23,28,,,,,,,3.6,1.5,3.2,1*2C
$GLGSA,A,3,68,69,73,84,,,,,,,,,7.9,2.7,7.5,2*30
$GPGSV,2,1,06,06,44,278,29,17,71,346,25,19,56,324,30,22,26,047,25,1*6A
$GPGSV,2,2,06,23,21,108,26,28,46,195,26,,,,,,,,,1*6C
$GLGSV,1,1,04,68,53,107,29,69,25,166,36,73,25,245,43,84,33,312,30,1*7D
$GPRMC,034821.90,A,3732.9305518,N,12657.5040139,E,7.40,256.73,080819,0.0,E,D*30
$GPGGA,034821.90,3732.9305518,N,12657.5040139,E,5,07,1.0,652.095,M,22.963,M,0.9,*46
$GPGSA,A,3,06,17,19,22,23,28,,,,,,,3.6,1.5,3.2,1*2C
$GLGSA,A,3,68,69,73,84,,,,,,,,,7.9,2.7,7.5,2*30
$GPGSV,2,1,06,06,44,278,29,17,71,346,25,19,56,324,30,22,26,047,25,1*6A
$GPGSV,2,2,06,23,21,108,26,28,46,195,26,,,,,,,,,1*6C
$GLGSV,1,1,04,68,53,107,29,69,25,166,36,73,25,245,43,84,33,312,30,1*7D
$GPRMC,034822.00,A,3732.9306105,N,12657.5040704,E,3.11,243.50,080819,0.0,E,D*3C
$GPGGA,034822.00,3732.9306105,N,12657.5040704,E,5,07,1.0,650.969,M,22.963,M,1.0,*4F
$GPGSA,A,3,06,17,19,22,23,28,,,,,,,3.6,1.5,3.2,1*2C
$GLGSA,A,3,68,69,73,84,,,,,,,,,7.9,2.7,7.5,2*30
$GPGSV,2,1,06,06,44,278,29,17,71,346,25,19,56,324,30,22,26,047,25,1*6A
$GPGSV,2,2,06,23,21,108,26,28,46,195,26,,,,,,,,,1*6C
$GLGSV,1,1,04,68,53,107,29,69,25,166,36,73,25,245,43,84,33,312,30,1*7D
$GPRMC,034822.10,A,3732.9306209,N,12657.5038998,E,10.92,240.31,080819,0.0,E,D*0B
$GPGGA,034822.10,3732.9306209,N,12657.5038998,E,5,07,1.0,651.269,M,22.963,M,0.1,*4F
$GPGSA,A,3,06,17,19,22,23,28,,,,,,,3.6,1.5,3.2,1*2C
$GLGSA,A,3,68,69,73,84,,,,,,,,,7.9,2.7,7.5,2*30
$GPGSV,2,1,06,06,44,278,29,17,71,346,25,19,56,324,30,22,26,047,25,1*6A
$GPGSV,2,2,06,23,21,108,26,28,46,195,26,,,,,,,,,1*6C
$GLGSV,1,1,04,68,53,107,29,69,25,166,36,73,25,245,43,84,33,312,29,1*75
$GPRMC,034822.20,A,3732.9305937,N,12657.5035753,E,23.38,250.44,080819,0.0,E,D*0A
$GPGGA,034822.20,3732.9305937,N,12657.5035753,E,5,07,1.0,652.413,M,22.963,M,0.2,*46
$GPGSA,A,3,06,17,19,22,23,28,,,,,,,3.6,1.5,3.2,1*2C
$GLGSA,A,3,68,69,73,84,,,,,,,,,7.9,2.7,7.5,2*30
$GPGSV,2,1,06,06,44,278,29,17,71,346,25,19,56,324,30,22,26,047,25,1*6A
$GPGSV,2,2,06,23,21,108,26,28,46,195,26,,,,,,,,,1*6C
$GLGSV,1,1,04,68,53,107,30,69,25,166,36,73,25,245,43,84,33,312,29,1*7D
$GPRMC,034822.30,A,3732.9306536,N,12657.5035928,E,15.71,258.39,080819,0.0,E,D*0D
$GPGGA,034822.30,3732.9306536,N,12657.5035928,E,5,07,1.0,651.265,M,22.963,M,0.3,*4E
$GPGSA,A,3,06,17,19,22,23,28,,,,,,,3.6,1.5,3.2,1*2C
$GLGSA,A,3,68,69,73,84,,,,,,,,,7.9,2.7,7.5,2*30
$GPGSV,2,1,06,06,44,278,29,17,71,346,25,19,56,324,29,22,26,047,25,1*62
$GPGSV,2,2,06,23,21,108,26,28,46,195,26,,,,,,,,,1*6C
$GLGSV,1,1,04,68,53,107,30,69,25,166,36,73,25,245,43,84,33,312,29,1*7D
$GPRMC,034822.40,A,3732.9306568,N,12657.5033904,E,20.30,256.83,080819,0.0,E,D*05
$GPGGA,034822.40,3732.9306568,N,12657.5033904,E,5,07,1.0,651.581,M,22.963,M,0.4,*40
$GPGSA,A,3,06,17,19,22,23,28,,,,,,,3.6,1.5,3.2,1*2C
$GLGSA,A,3,68,69,73,84,,,,,,,,,7.9,2.7,7.5,2*30
$GPGSV,2,1,06,06,44,278,28,17,71,346,25,19,56,324,29,22,26,047,25,1*63
$GPGSV,2,2,06,23,21,108,26,28,46,195,26,,,,,,,,,1*6C
$GLGSV,1,1,04,68,53,107,29,69,25,166,36,73,25,245,43,84,33,312,29,1*75
$GPRMC,034822.50,A,3732.9309620,N,12657.5045219,E,38.70,59.88,080819,0.0,E,D*39
$GPGGA,034822.50,3732.9309620,N,12657.5045219,E,5,07,1.0,643.629,M,22.963,M,0.5,*44
$GPGSA,A,3,06,17,19,22,23,28,,,,,,,3.6,1.5,3.2,1*2C
$GLGSA,A,3,68,69,73,84,,,,,,,,,7.9,2.7,7.5,2*30
$GPGSV,2,1,06,06,44,278,28,17,71,346,25,19,56,324,29,22,26,047,25,1*63
$GPGSV,2,2,06,23,21,108,26,28,46,195,26,,,,,,,,,1*6C
$GLGSV,1,1,04,68,53,107,30,69,25,166,36,73,25,245,43,84,33,312,29,1*7D
$GPRMC,034822.60,A,3732.9313184,N,12657.5059403,E,91.82,74.08,080819,0.0,E,D*31
$GPGGA,034822.60,3732.9313184,N,12657.5059403,E,5,07,1.0,634.666,M,22.963,M,0.6,*4D
$GPGSA,A,3,06,17,19,22,23,28,,,,,,,3.6,1.5,3.2,1*2C
$GLGSA,A,3,68,69,73,84,,,,,,,,,7.9,2.7,7.5,2*30
$GPGSV,2,1,06,06,44,278,28,17,71,346,25,19,56,324,29,22,26,047,25,1*63
$GPGSV,2,2,06,23,21,108,26,28,46,195,25,,,,,,,,,1*6F
$GLGSV,1,1,04,68,53,107,29,69,25,166,36,73,25,245,43,84,33,312,29,1*75
$GPRMC,034822.70,A,3732.9316861,N,12657.5074185,E,134.16,75.02,080819,0.0,E,D*0B
$GPGGA,034822.70,3732.9316861,N,12657.5074185,E,5,07,1.0,625.595,M,22.963,M,0.7,*41
$GPGSA,A,3,06,17,19,22,23,28,,,,,,,3.6,1.5,3.2,1*2C
$GLGSA,A,3,68,69,73,84,,,,,,,,,7.9,2.7,7.5,2*30
$GPGSV,2,1,06,06,44,278,28,17,71,346,25,19,56,324,29,22,26,047,25,1*63
$GPGSV,2,2,06,23,21,108,26,28,46,195,25,,,,,,,,,1*6F
$GLGSV,1,1,04,68,53,107,30,69,25,166,36,73,25,245,43,84,33,312,29,1*7D
$GPRMC,034822.80,A,3732.9318945,N,12657.5082005,E,131.35,75.50,080819,0.0,E,D*0E
$GPGGA,034822.80,3732.9318945,N,12657.5082005,E,5,07,1.0,621.105,M,22.963,M,0.8,*41
$GPGSA,A,3,06,17,19,22,23,28,,,,,,,3.6,1.5,3.2,1*2C
$GLGSA,A,3,68,69,73,84,,,,,,,,,7.9,2.7,7.5,2*30
$GPGSV,2,1,06,06,44,278,28,17,71,346,25,19,56,324,29,22,26,047,25,1*63
$GPGSV,2,2,06,23,21,108,26,28,46,195,25,,,,,,,,,1*6F
$GLGSV,1,1,04,68,53,107,30,69,25,166,36,73,25,245,43,84,33,312,29,1*7D
$GPRMC,034822.90,A,3732.9320373,N,12657.5086546,E,112.44,74.89,080819,0.0,E,D*0F
$GPGGA,034822.90,3732.9320373,N,12657.5086546,E,5,07,1.0,618.394,M,22.963,M,0.9,*43
$GPGSA,A,3,06,17,19,22,23,28,,,,,,,3.6,1.5,3.2,1*2C
$GLGSA,A,3,68,69,73,84,,,,,,,,,7.9,2.7,7.5,2*30
$GPGSV,2,1,06,06,44,278,28,17,71,346,25,19,56,324,29,22,26,047,25,1*63
$GPGSV,2,2,06,23,21,108,26,28,46,195,25,,,,,,,,,1*6F
$GLGSV,1,1,04,68,53,107,30,69,25,166,36,73,25,245,43,84,33,312,29,1*7D
$GPRMC,034823.00,A,3732.9321029,N,12657.5087849,E,83.69,74.24,080819,0.0,E,D*38
$GPGGA,034823.00,3732.9321029,N,12657.5087849,E,5,07,1.0,617.207,M,22.963,M,1.0,*49
$GPGSA,A,3,06,17,19,22,23,28,,,,,,,3.6,1.5,3.2,1*2C
$GLGSA,A,3,68,69,73,84,,,,,,,,,7.9,2.7,7.5,2*30
$GPGSV,2,1,06,06,44,278,28,17,71,346,25,19,56,324,29,22,26,047,25,1*63
$GPGSV,2,2,06,23,21,108,25,28,46,195,25,,,,,,,,,1*6C
$GLGSV,1,1,04,68,53,107,30,69,25,166,36,73,25,245,43,84,33,312,29,1*7D
$GPRMC,034823.10,A,3732.9321885,N,12657.5089703,E,64.49,72.64,080819,0.0,E,D*31
$GPGGA,034823.10,3732.9321885,N,12657.5089703,E,5,07,1.0,615.317,M,22.963,M,0.1,*4B
$GPGSA,A,3,06,17,19,22,23,28,,,,,,,3.6,1.5,3.2,1*2C
$GLGSA,A,3,68,69,73,84,,,,,,,,,7.9,2.7,7.5,2*30
$GPGSV,2,1,06,06,44,278,28,17,71,346,26,19,56,324,29,22,26,047,25,1*60
$GPGSV,2,2,06,23,21,108,26,28,46,195,25,,,,,,,,,1*6F
$GLGSV,1,1,04,68,53,107,30,69,25,166,36,73,25,245,43,84,33,312,29,1*7D
$GPRMC,034823.20,A,3732.9322309,N,12657.5089814,E,41.18,71.83,080819,0.0,E,D*3E
$GPGGA,034823.20,3732.9322309,N,12657.5089814,E,5,07,1.0,614.439,M,22.963,M,0.2,*44
$GPGSA,A,3,06,17,19,22,23,28,,,,,,,3.6,1.5,3.2,1*2C
$GLGSA,A,3,68,69,73,84,,,,,,,,,7.9,2.7,7.5,2*30
$GPGSV,2,1,06,06,44,278,27,17,71,346,26,19,56,324,29,22,26,047,25,1*6F
$GPGSV,2,2,06,23,21,108,25,28,46,195,25,,,,,,,,,1*6C
$GLGSV,1,1,04,68,53,107,30,69,25,166,36,73,25,245,43,84,33,312,29,1*7D
$GPRMC,034823.30,A,3732.9323054,N,12657.5091387,E,29.81,70.76,080819,0.0,E,D*38
$GPGGA,034823.30,3732.9323054,N,12657.5091387,E,5,07,1.0,612.655,M,22.963,M,0.3,*48
$GPGSA,A,3,06,17,19,22,23,28,,,,,,,3.6,1.5,3.2,1*2C
$GLGSA,A,3,68,69,73,84,,,,,,,,,7.9,2.7,7.5,2*30
$GPGSV,2,1,06,06,44,278,27,17,71,346,26,19,56,324,28,22,26,047,25,1*6E
$GPGSV,2,2,06,23,21,108,25,28,46,195,24,,,,,,,,,1*6D
$GLGSV,1,1,04,68,53,107,30,69,25,166,36,73,25,245,43,84,33,312,29,1*7D
$GPRMC,034823.40,A,3732.9323670,N,12657.5092793,E,19.60,74.98,080819,0.0,E,D*35
$GPGGA,034823.40,3732.9323670,N,12657.5092793,E,5,07,1.0,611.126,M,22.963,M,0.4,*4A
$GPGSA,A,3,06,17,19,22,23,28,,,,,,,3.6,1.5,3.2,1*2C
$GLGSA,A,3,68,69,73,84,,,,,,,,,7.9,2.7,7.5,2*30
$GPGSV,2,1,06,06,44,278,27,17,71,346,25,19,56,324,28,22,26,047,25,1*6D
$GPGSV,2,2,06,23,21,108,25,28,46,195,24,,,,,,,,,1*6D
$GLGSV,1,1,04,68,53,107,30,69,25,166,36,73,25,245,43,84,33,312,28,1*7C
$GPRMC,034823.50,A,3732.9324220,N,12657.5093889,E,10.21,81.47,080819,0.0,E,D*33
$GPGGA,034823.50,3732.9324220,N,12657.5093889,E,5,07,1.0,609.892,M,22.963,M,0.5,*46
$GPGSA,A,3,06,17,19,22,23,28,,,,,,,3.6,1.5,3.2,1*2C
$GLGSA,A,3,68,69,73,84,,,,,,,,,7.9,2.7,7.5,2*30
$GPGSV,2,1,06,06,44,278,27,17,71,346,26,19,56,324,28,22,26,047,25,1*6E
$GPGSV,2,2,06,23,21,108,25,28,46,195,24,,,,,,,,,1*6D
$GLGSV,1,1,04,68,53,107,30,69,25,166,36,73,25,245,43,84,33,312,28,1*7C
$GPRMC,034823.60,A,3732.9325225,N,12657.5096539,E,11.63,93.19,080819,0.0,E,D*38
$GPGGA,034823.60,3732.9325225,N,12657.5096539,E,5,07,1.0,607.732,M,22.963,M,0.6,*4A
$GPGSA,A,3,06,17,19,22,23,28,,,,,,,3.6,1.5,3.2,1*2C
$GLGSA,A,3,68,69,73,84,,,,,,,,,7.9,2.7,7.5,2*30
$GPGSV,2,1,06,06,44,278,27,17,71,346,25,19,56,324,28,22,26,047,25,1*6D
$GPGSV,2,2,06,23,21,108,25,28,46,195,24,,,,,,,,,1*6D
$GLGSV,1,1,04,68,53,107,30,69,25,166,36,73,25,245,43,84,33,312,28,1*7C
$GPRMC,034823.70,A,3732.9326055,N,12657.5095130,E,7.67,341.84,080819,0.0,E,D*3A
$GPGGA,034823.70,3732.9326055,N,12657.5095130,E,5,07,1.0,608.104,M,22.963,M,0.7,*4E
$GPGSA,A,3,06,17,19,22,23,28,,,,,,,3.6,1.5,3.2,1*2C
$GLGSA,A,3,68,69,73,84,,,,,,,,,7.9,2.7,7.5,2*30
$GPGSV,2,1,06,06,44,278,26,17,71,346,25,19,56,324,28,22,26,047,25,1*6C
$GPGSV,2,2,06,23,21,108,25,28,46,195,24,,,,,,,,,1*6D
$GLGSV,1,1,04,68,53,107,30,69,25,166,36,73,25,245,43,84,33,312,28,1*7C
$GPRMC,034823.80,A,3732.9328434,N,12657.5096935,E,10.61,335.01,080819,0.0,E,D*08
$GPGGA,034823.80,3732.9328434,N,12657.5096935,E,5,07,1.0,606.186,M,22.963,M,0.8,*49
$GPGSA,A,3,06,17,19,22,23,28,,,,,,,3.6,1.5,3.2,1*2C
$GLGSA,A,3,68,69,73,84,,,,,,,,,7.9,2.7,7.5,2*30
$GPGSV,2,1,06,06,44,278,26,17,71,346,25,19,56,324,28,22,26,047,25,1*6C
$GPGSV,2,2,06,23,21,108,26,28,46,195,24,,,,,,,,,1*6E
$GLGSV,1,1,04,68,53,107,30,69,25,166,36,73,25,245,43,84,33,312,28,1*7C
$GPRMC,034823.90,A,3732.9328264,N,12657.5090587,E,44.62,307.76,080819,0.0,E,D*0A
$GPGGA,034823.90,3732.9328264,N,12657.5090587,E,5,07,1.0,609.558,M,22.963,M,0.9,*41
$GPGSA,A,3,06,17,19,22,23,28,,,,,,,3.6,1.5,3.2,1*2C
$GLGSA,A,3,68,69,73,84,,,,,,,,,7.9,2.7,7.5,2*30
$GPGSV,2,1,06,06,44,278,26,17,71,346,25,19,56,324,29,22,26,047,25,1*6D
$GPGSV,2,2,06,23,21,108,26,28,46,195,24,,,,,,,,,1*6E
$GLGSV,1,1,04,68,53,107,30,69,25,166,36,73,25,245,43,84,33,312,28,1*7C
$GPRMC,034824.00,A,3732.9326616,N,12657.5083125,E,74.64,263.91,080819,0.0,E,D*0A
$GPGGA,034824.00,3732.9326616,N,12657.5083125,E,5,07,1.0,613.386,M,22.963,M,1.0,*48
$GPGSA,A,3,06,17,19,22,23,28,,,,,,,3.6,1.5,3.2,1*2C
$GLGSA,A,3,68,69,73,84,,,,,,,,,7.9,2.7,7.5,2*30
$GPGSV,2,1,06,06,44,278,26,17,71,346,25,19,56,324,29,22,26,047,25,1*6D
$GPGSV,2,2,06,23,21,108,26,28,46,195,24,,,,,,,,,1*6E
$GLGSV,1,1,04,68,53,107,30,69,25,166,36,73,25,245,43,84,33,312,28,1*7C
$GPRMC,034824.10,A,3732.9326144,N,12657.5075779,E,94.82,264.20,080819,0.0,E,D*06
$GPGGA,034824.10,3732.9326144,N,12657.5075779,E,5,07,1.0,616.652,M,22.963,M,0.1,*46
$GPGSA,A,3,06,17,19,22,23,28,,,,,,,3.6,1.5,3.2,1*2C
$GLGSA,A,3,68,69,73,84,,,,,,,,,7.9,2.7,7.5,2*30
$GPGSV,2,1,06,06,44,278,26,17,71,346,25,19,56,324,28,22,26,047,24,1*6D
$GPGSV,2,2,06,23,21,108,26,28,46,195,24,,,,,,,,,1*6E
$GLGSV,1,1,04,68,53,107,30,69,25,166,36,73,25,245,43,84,33,312,28,1*7C
$GPRMC,034824.20,A,3732.9284598,N,12657.4947750,E,382.45,260.13,080819,0.0,E,D*30
$GPGGA,034824.20,3732.9284598,N,12657.4947750,E,5,07,1.0,637.295,M,22.963,M,0.2,*44
$GPGSA,A,3,06,17,19,22,23,28,,,,,,,3.6,1.5,3.2,1*2C
$GLGSA,A,3,68,69,73,84,,,,,,,,,7.9,2.7,7.5,2*30
$GPGSV,2,1,06,06,44,278,26,17,71,346,25,19,56,324,28,22,26,047,24,1*6D
$GPGSV,2,2,06,23,21,108,26,28,46,195,24,,,,,,,,,1*6E
$GLGSV,1,1,04,68,53,107,30,69,25,166,36,73,25,245,43,84,33,312,28,1*7C
$GPRMC,034824.30,A,3732.9199969,N,12657.4749259,E,900.98,250.37,080819,0.0,E,D*35
$GPGGA,034824.30,3732.9199969,N,12657.4749259,E,5,06,1.0,700.012,M,22.962,M,0.3,*4D
$GPGSA,A,3,06,17,19,22,23,28,,,,,,,3.6,1.5,3.2,1*2C
$GLGSA,A,3,68,69,73,84,,,,,,,,,8.0,2.7,7.5,2*36
$GPGSV,2,1,06,06,44,278,25,17,71,346,25,19,56,324,28,22,26,047,24,1*6E
$GPGSV,2,2,06,23,21,108,26,28,46,195,24,,,,,,,,,1*6E
$GLGSV,1,1,04,68,53,107,30,69,25,166,36,73,25,245,43,84,33,312,28,1*7C
$GPRMC,034824.40,A,3732.9153385,N,12657.4510132,E,1252.91,257.93,080819,0.0,E,D*01
$GPGGA,034824.40,3732.9153385,N,12657.4510132,E,5,04,1.0,761.731,M,22.961,M,0.4,*43
$GPGSA,A,3,06,17,19,22,23,28,,,,,,,3.6,1.5,3.2,1*2C
$GLGSA,A,3,68,69,73,84,,,,,,,,,8.0,2.7,7.5,2*36
$GPGSV,2,1,06,06,44,278,25,17,71,346,25,19,56,324,28,22,26,047,24,1*6E
$GPGSV,2,2,06,23,21,108,26,28,46,195,24,,,,,,,,,1*6E
$GLGSV,1,1,04,68,53,107,30,69,25,166,36,73,25,245,43,84,33,312,27,1*73
$GPRMC,034824.50,A,3732.9118837,N,12657.4369444,E,1350.18,255.90,080819,0.0,E,D*02
$GPGGA,034824.50,3732.9118837,N,12657.4369444,E,5,04,1.0,810.520,M,22.960,M,0.5,*48
$GPGSA,A,3,06,17,19,22,23,28,,,,,,,3.6,1.5,3.2,1*2C
$GLGSA,A,3,68,69,73,84,,,,,,,,,8.0,2.7,7.5,2*36
$GPGSV,2,1,06,06,44,278,25,17,71,346,25,19,56,324,28,22,26,047,25,1*6F
$GPGSV,2,2,06,23,21,108,26,28,46,195,24,,,,,,,,,1*6E
$GLGSV,1,1,04,68,53,107,30,69,25,166,36,73,25,245,43,84,33,312,27,1*73
$GPRMC,034824.60,A,3732.9092481,N,12657.4306836,E,1254.85,247.46,080819,0.0,E,D*0A
$GPGGA,034824.60,3732.9092481,N,12657.4306836,E,5,04,1.0,841.183,M,22.960,M,0.6,*43
$GPGSA,A,3,06,17,19,22,23,28,,,,,,,3.6,1.5,3.2,1*2C
$GLGSA,A,3,68,69,73,84,,,,,,,,,8.0,2.7,7.5,2*36
$GPGSV,2,1,06,06,44,278,25,17,71,346,25,19,56,324,28,22,26,047,24,1*6E
$GPGSV,2,2,06,23,21,108,26,28,46,195,24,,,,,,,,,1*6E
$GLGSV,1,1,04,68,53,107,30,69,25,166,36,73,25,245,43,84,33,312,27,1*73
$GPRMC,034824.70,A,3732.9078039,N,12657.4283333,E,1055.19,237.39,080819,0.0,E,D*03
$GPGGA,034824.70,3732.9078039,N,12657.4283333,E,5,04,1.0,858.747,M,22.960,M,0.7,*44
$GPGSA,A,3,06,17,19,22,23,28,,,,,,,3.6,1.5,3.2,1*2C
$GLGSA,A,3,68,69,73,84,,,,,,,,,8.0,2.7,7.5,2*36
$GPGSV,2,1,06,06,44,278,25,17,71,346,25,19,56,324,28,22,26,047,24,1*6E
$GPGSV,2,2,06,23,21,108,26,28,46,195,24,,,,,,,,,1*6E
$GLGSV,1,1,04,68,53,107,30,69,25,166,36,73,25,245,43,84,33,312,27,1*73
$GPRMC,034824.80,A,3732.9074092,N,12657.4277781,E,780.62,231.61,080819,0.0,E,D*3E
$GPGGA,034824.80,3732.9074092,N,12657.4277781,E,5,04,1.0,863.377,M,22.960,M,0.8,*40
$GPGSA,A,3,06,17,19,22,23,28,,,,,,,3.6,1.5,3.2,1*2C
$GLGSA,A,3,68,69,73,84,,,,,,,,,8.0,2.7,7.5,2*36
$GPGSV,2,1,06,06,44,278,25,17,71,346,25,19,56,324,28,22,26,047,24,1*6E
$GPGSV,2,2,06,23,21,108,26,28,46,195,25,,,,,,,,,1*6F
$GLGSV,1,1,04,68,53,107,30,69,25,166,36,73,25,245,43,84,33,312,27,1*73
$GPRMC,034824.90,A,3732.9079249,N,12657.4297930,E,470.65,223.84,080819,0.0,E,D*3F
$GPGGA,034824.90,3732.9079249,N,12657.4297930,E,5,06,1.0,857.687,M,22.960,M,0.9,*4C
$GPGSA,A,3,06,17,19,22,23,28,,,,,,,3.6,1.5,3.2,1*2C
$GLGSA,A,3,68,69,73,84,,,,,,,,,8.0,2.7,7.5,2*36
$GPGSV,2,1,06,06,44,278,25,17,71,346,25,19,56,324,28,22,26,047,24,1*6E
$GPGSV,2,2,06,23,21,108,26,28,46,195,25,,,,,,,,,1*6F
$GLGSV,1,1,04,68,53,107,30,69,25,166,36,73,25,245,43,84,33,312,27,1*73
$GPRMC,034825.00,A,3732.9090550,N,12657.4319917,E,184.05,233.88,080819,0.0,E,D*38
$GPGGA,034825.00,3732.9090550,N,12657.4319917,E,5,06,1.0,846.698,M,22.960,M,1.0,*48
$GPGSA,A,3,06,17,19,22,23,28,,,,,,,3.6,1.5,3.2,1*2C
$GLGSA,A,3,68,69,73,84,,,,,,,,,8.0,2.7,7.5,2*36
$GPGSV,2,1,06,06,44,278,25,17,71,346,25,19,56,324,28,22,26,047,24,1*6E
$GPGSV,2,2,06,23,21,108,26,28,46,195,25,,,,,,,,,1*6F
$GLGSV,1,1,04,68,53,107,30,69,25,166,36,73,25,245,43,84,33,312,27,1*73
$GPRMC,034825.10,A,3732.9103809,N,12657.4346883,E,51.34,43.47,080819,0.0,E,D*38
$GPGGA,034825.10,3732.9103809,N,12657.4346883,E,5,06,1.0,834.056,M,22.960,M,0.1,*44
$GPGSA,A,3,06,17,19,22,23,28,,,,,,,3.6,1.5,3.2,1*2C
$GLGSA,A,3,68,69,73,84,,,,,,,,,8.0,2.7,7.5,2*36
$GPGSV,2,1,06,06,44,278,24,17,71,346,25,19,56,324,28,22,26,047,24,1*6F
$GPGSV,2,2,06,23,21,108,26,28,46,195,25,,,,,,,,,1*6F
$GLGSV,1,1,04,68,53,107,30,69,25,166,36,73,25,245,43,84,33,312,26,1*72
$GPRMC,034825.20,A,3732.9112037,N,12657.4362900,E,179.35,53.18,080819,0.0,E,D*03
$GPGGA,034825.20,3732.9112037,N,12657.4362900,E,5,05,1.0,826.526,M,22.960,M,0.2,*4F
$GPGSA,A,3,17,19,22,23,28,,,,,,,,5.9,2.6,5.3,1*24
$GLGSA,A,3,68,69,73,84,,,,,,,,,8.0,2.7,7.5,2*36
$GPGSV,2,1,05,17,71,346,25,19,56,324,28,22,26,047,24,23,21,108,26,1*6E
$GPGSV,2,2,05,28,46,195,24,,,,,,,,,,,,,1*52
$GLGSV,1,1,04,68,53,107,30,69,25,166,36,73,25,245,43,84,33,312,26,1*72
$GPRMC,034825.30,A,3732.9121139,N,12657.4384517,E,279.98,59.41,080819,0.0,E,D*0D
$GPGGA,034825.30,3732.9121139,N,12657.4384517,E,5,05,1.0,817.118,M,22.961,M,0.3,*48
$GPGSA,A,3,17,19,22,23,28,,,,,,,,5.9,2.6,5.3,1*24
$GLGSA,A,3,68,69,73,84,,,,,,,,,8.0,2.7,7.5,2*36
$GPGSV,2,1,05,17,71,346,26,19,56,324,27,22,26,047,24,23,21,108,26,1*62
$GPGSV,2,2,05,28,46,195,24,,,,,,,,,,,,,1*52
$GLGSV,1,1,04,68,53,107,29,69,25,166,36,73,25,245,43,84,33,312,26,1*7A
$GPRMC,034825.40,A,3732.9134705,N,12657.4409102,E,339.78,56.38,080819,0.0,E,D*0F
$GPGGA,034825.40,3732.9134705,N,12657.4409102,E,5,05,1.0,808.649,M,22.961,M,0.4,*4A
$GPGSA,A,3,17,19,22,23,28,,,,,,,,5.9,2.6,5.3,1*24
$GLGSA,A,3,68,69,73,84,,,,,,,,,8.0,2.7,7.5,2*36
$GPGSV,2,1,05,17,71,346,26,19,56,324,27,22,26,047,24,23,21,108,26,1*62
$GPGSV,2,2,05,28,46,195,24,,,,,,,,,,,,,1*52
$GLGSV,1,1,04,68,53,107,29,69,25,166,36,73,25,245,43,84,33,312,26,1*7A
$GPRMC,034825.50,A,3732.9147861,N,12657.4441322,E,414.24,61.39,080819,0.0,E,D*0F
$GPGGA,034825.50,3732.9147861,N,12657.4441322,E,5,05,1.0,794.180,M,22.961,M,0.5,*47
$GPGSA,A,3,17,19,22,23,28,,,,,,,,5.9,2.6,5.3,1*24
$GLGSA,A,3,68,69,73,84,,,,,,,,,8.0,2.7,7.5,2*36
$GPGSV,2,1,05,17,71,346,26,19,56,324,27,22,26,047,24,23,21,108,26,1*62
$GPGSV,2,2,05,28,46,195,24,,,,,,,,,,,,,1*52
$GLGSV,1,1,04,68,53,107,29,69,25,166,36,73,25,245,43,84,33,312,26,1*7A
$GPRMC,034825.60,A,3732.9165606,N,12657.4485809,E,504.22,63.27,080819,0.0,E,D*02
$GPGGA,034825.60,3732.9165606,N,12657.4485809,E,5,05,1.0,773.528,M,22.961,M,0.6,*4D
$GPGSA,A,3,17,19,22,23,28,,,,,,,,5.9,2.6,5.3,1*24
$GLGSA,A,3,68,69,73,84,,,,,,,,,8.0,2.7,7.5,2*36
$GPGSV,2,1,05,17,71,346,26,19,56,324,27,22,26,047,24,23,21,108,26,1*62
$GPGSV,2,2,05,28,46,195,24,,,,,,,,,,,,,1*52
$GLGSV,1,1,04,68,53,107,29,69,25,166,36,73,25,245,43,84,33,312,26,1*7A
$GPRMC,034825.70,A,3732.9186471,N,12657.4539698,E,596.91,64.11,080819,0.0,E,D*0D
$GPGGA,034825.70,3732.9186471,N,12657.4539698,E,5,05,1.0,748.036,M,22.961,M,0.7,*40
$GPGSA,A,3,17,19,22,23,28,,,,,,,,5.9,2.6,5.3,1*24
$GLGSA,A,3,68,69,73,84,,,,,,,,,8.0,2.7,7.5,2*36
$GPGSV,2,1,05,17,71,346,26,19,56,324,27,22,26,047,24,23,21,108,26,1*62
$GPGSV,2,2,05,28,46,195,24,,,,,,,,,,,,,1*52
$GLGSV,1,1,04,68,53,107,29,69,25,166,36,73,25,245,43,84,33,312,26,1*7A
$GPRMC,034825.80,A,3732.9207815,N,12657.4603320,E,694.09,67.06,080819,0.0,E,D*0F
$GPGGA,034825.80,3732.9207815,N,12657.4603320,E,5,06,1.0,716.684,M,22.961,M,0.8,*4F
$GPGSA,A,3,17,19,22,23,28,,,,,,,,5.9,2.6,5.3,1*24
$GLGSA,A,3,68,69,73,84,,,,,,,,,8.0,2.7,7.5,2*36
$GPGSV,2,1,05,17,71,346,26,19,56,324,27,22,26,047,24,23,21,108,26,1*62
$GPGSV,2,2,05,28,46,195,24,,,,,,,,,,,,,1*52
$GLGSV,1,1,04,68,53,107,29,69,25,166,36,73,25,245,43,84,33,312,26,1*7A
$GPRMC,034825.90,A,3732.9224824,N,12657.4648365,E,723.86,65.52,080819,0.0,E,D*0A
$GPGGA,034825.90,3732.9224824,N,12657.4648365,E,5,06,1.0,693.482,M,22.962,M,0.9,*49
$GPGSA,A,3,17,19,22,23,28,,,,,,,,5.9,2.6,5.3,1*24
$GLGSA,A,3,68,69,73,84,,,,,,,,,8.0,2.7,7.5,2*36
$GPGSV,2,1,05,17,71,346,26,19,56,324,27,22,26,047,23,23,21,108,26,1*65
$GPGSV,2,2,05,28,46,195,24,,,,,,,,,,,,,1*52
$GLGSV,1,1,04,68,53,107,29,69,25,166,36,73,25,245,43,84,33,312,26,1*7A
$GPRMC,034826.00,A,3732.9227808,N,12657.4660150,E,668.17,66.69,080819,0.0,E,D*0E
$GPGGA,034826.00,3732.9227808,N,12657.4660150,E,5,06,1.0,685.442,M,22.962,M,1.0,*43
$GPGSA,A,3,17,19,23,28,,,,,,,,,6.7,2.9,6.1,1*27
$GLGSA,A,3,68,69,73,84,,,,,,,,,8.0,2.7,7.5,2*36
$GPGSV,1,1,04,17,71,346,26,19,56,324,27,23,21,108,26,28,46,195,24,1*62
$GLGSV,1,1,04,68,53,107,29,69,25,166,36,73,25,245,43,84,33,312,26,1*7A
$GPRMC,034826.10,A,3732.9216987,N,12657.4629196,E,517.59,64.77,080819,0.0,E,D*00
$GPGGA,034826.10,3732.9216987,N,12657.4629196,E,5,06,1.0,699.460,M,22.962,M,0.1,*4C
$GPGSA,A,3,17,19,23,28,,,,,,,,,6.7,2.9,6.1,1*27
$GLGSA,A,3,68,69,73,84,,,,,,,,,8.0,2.7,7.5,2*36
$GPGSV,1,1,04,17,71,346,26,19,56,324,26,23,21,108,26,28,46,195,24,1*63
$GLGSV,1,1,04,68,53,107,29,69,25,166,36,73,25,245,43,84,33,312,25,1*79
$GPRMC,034826.20,A,3732.9198763,N,12657.4578553,E,342.96,63.41,080819,0.0,E,D*0F
$GPGGA,034826.20,3732.9198763,N,12657.4578553,E,5,06,1.0,724.292,M,22.961,M,0.2,*48
$GPGSA,A,3,17,19,23,28,,,,,,,,,6.7,2.9,6.1,1*27
$GLGSA,A,3,68,69,73,84,,,,,,,,,8.0,2.7,7.5,2*36
$GPGSV,1,1,04,17,71,346,26,19,56,324,26,23,21,108,26,28,46,195,24,1*63
$GLGSV,1,1,04,68,53,107,29,69,25,166,36,73,25,245,43,84,33,312,25,1*79
$GPRMC,034826.30,A,3732.9181510,N,12657.4530825,E,194.93,61.89,080819,0.0,E,D*0A
$GPGGA,034826.30,3732.9181510,N,12657.4530825,E,5,06,1.0,748.510,M,22.961,M,0.3,*41
$GPGSA,A,3,17,19,23,28,,,,,,,,,6.7,2.9,6.1,1*27
$GLGSA,A,3,68,69,73,84,,,,,,,,,8.0,2.7,7.5,2*36
$GPGSV,1,1,04,17,71,346,26,19,56,324,26,23,21,108,26,28,46,195,24,1*63
$GLGSV,1,1,04,68,53,107,29,69,25,166,36,73,25,245,43,84,33,312,25,1*79
$GPRMC,034826.40,A,3732.9053178,N,12657.4219178,E,540.39,220.13,080819,0.0,E,D*3D
$GPGGA,034826.40,3732.9053178,N,12657.4219178,E,5,06,1.0,923.565,M,22.960,M,0.4,*48
$GPGSA,A,3,17,19,23,28,,,,,,,,,6.7,2.9,6.1,1*27
$GLGSA,A,3,68,69,73,84,,,,,,,,,8.0,2.7,7.5,2*36
$GPGSV,1,1,04,17,71,346,26,19,56,324,26,23,21,108,27,28,46,195,24,1*62
$GLGSV,1,1,04,68,53,107,29,69,25,166,36,73,25,245,43,84,33,312,25,1*79
$GPRMC,034826.50,A,3732.8985580,N,12657.4044568,E,891.61,237.75,080819,0.0,E,D*39
$GPGGA,034826.50,3732.8985580,N,12657.4044568,E,5,06,1.0,1021.127,M,22.959,M,0.5,*75
$GPGSA,A,3,17,19,23,28,,,,,,,,,6.7,2.9,6.1,1*27
$GLGSA,A,3,68,69,73,84,,,,,,,,,8.0,2.7,7.5,2*36
$GPGSV,1,1,04,17,71,346,26,19,56,324,26,23,21,108,27,28,46,195,23,1*65
$GLGSV,1,1,04,68,53,107,29,69,25,166,36,73,25,245,43,84,33,312,25,1*79
$GPRMC,034826.60,A,3732.8954118,N,12657.3948582,E,1028.55,247.28,080819,0.0,E,D*06
$GPGGA,034826.60,3732.8954118,N,12657.3948582,E,5,06,1.0,1073.447,M,22.959,M,0.6,*7E
$GPGSA,A,3,17,19,23,28,,,,,,,,,6.7,2.9,6.1,1*27
$GLGSA,A,3,68,69,73,84,,,,,,,,,8.0,2.7,7.5,2*36
$GPGSV,1,1,04,17,71,346,26,19,56,324,26,23,21,108,27,28,46,195,23,1*65
$GLGSV,1,1,04,68,53,107,29,69,25,166,36,73,25,245,43,84,33,312,25,1*79
$GPGSA,A,1,,,,,,,,,,,,,,,*1E
$GPGSV,1,1,0,,,,,,,,,,,,,,,,*49
$GPGSA,A,1,,,,,,,,,,,,,,,*1E
$GPGSV,1,1,0,,,,,,,,,,,,,,,,*49
$GPGSA,A,1,,,,,,,,,,,,,,,*1E
$GPGSV,1,1,0,,,,,,,,,,,,,,,,*49
$GPRMC,034829.50,A,3732.9583290,N,12657.5768967,E,6098.51,329.34,080819,0.0,E,D*0F
$GPGGA,034829.50,3732.9583290,N,12657.5768967,E,5,04,1.0,106.084,M,22.966,M,0.5,*4F
$GPGSA,A,3,17,23,,,,,,,,,,,0.0,0.0,0.0,1*28
$GLGSA,A,3,68,69,73,,,,,,,,,,0.0,0.0,0.0,2*35
$GPGSV,1,1,02,17,71,346,30,23,21,108,29,,,,,,,,,1*64
$GLGSV,1,1,03,68,53,107,25,69,25,166,37,73,25,245,44,,,,,1*4F
$GPGSA,A,1,,,,,,,,,,,,,,,*1E
$GPGSV,1,1,0,,,,,,,,,,,,,,,,*49
$GPRMC,034830.00,A,3733.4419149,N,12657.2197919,E,6098.58,329.07,080819,0.0,E,D*0A
$GPGGA,034830.00,3733.4419149,N,12657.2197919,E,5,04,1.0,-1061.945,M,22.948,M,1.0,*53
$GPGSA,A,3,03,17,23,,,,,,,,,,0.0,0.0,0.0,1*2B
$GLGSA,A,3,68,69,73,,,,,,,,,,0.0,0.0,0.0,2*35
$GPGSV,1,1,03,03,46,054,24,17,71,346,30,23,21,108,29,,,,,1*53
$GLGSV,1,1,03,68,53,107,25,69,25,166,37,73,25,245,43,,,,,1*48
$GPRMC,034830.10,A,3733.5320203,N,12657.1402196,E,6098.93,328.75,080819,0.0,E,D*0C
$GPGGA,034830.10,3733.5320203,N,12657.1402196,E,5,04,1.0,-1269.600,M,22.944,M,0.1,*5E
$GPGSA,A,3,03,17,23,,,,,,,,,,0.0,0.0,0.0,1*2B
$GLGSA,A,3,68,69,73,,,,,,,,,,0.0,0.0,0.0,2*35
$GPGSV,1,1,03,03,46,054,24,17,71,346,30,23,21,108,30,,,,,1*5B
$GLGSV,1,1,03,68,53,107,25,69,25,166,37,73,25,245,43,,,,,1*48
$GPRMC,034830.20,A,3733.6278323,N,12657.0646849,E,6099.13,328.67,080819,0.0,E,D*01
$GPGGA,034830.20,3733.6278323,N,12657.0646849,E,5,04,1.0,-1497.771,M,22.940,M,0.2,*5E
$GPGSA,A,3,03,17,23,,,,,,,,,,0.0,0.0,0.0,1*2B
$GLGSA,A,3,68,69,73,,,,,,,,,,0.0,0.0,0.0,2*35
$GPGSV,1,1,03,03,46,054,24,17,71,346,30,23,21,108,30,,,,,1*5B
$GLGSV,1,1,03,68,53,107,25,69,25,166,37,73,25,245,43,,,,,1*48
$GPRMC,034830.30,A,3733.7243671,N,12656.9909551,E,6099.18,328.68,080819,0.0,E,D*07
$GPGGA,034830.30,3733.7243671,N,12656.9909551,E,5,04,1.0,-1730.407,M,22.936,M,0.3,*50
$GPGSA,A,3,03,17,23,,,,,,,,,,0.0,0.0,0.0,1*2B
$GLGSA,A,3,68,69,73,,,,,,,,,,0.0,0.0,0.0,2*35
$GPGSV,1,1,03,03,46,054,24,17,71,346,30,23,21,108,30,,,,,1*5B
$GLGSV,1,1,03,68,53,107,25,69,25,166,37,73,25,245,43,,,,,1*48
$GPRMC,034830.40,A,3733.8205404,N,12656.9184329,E,6099.13,328.75,080819,0.0,E,D*0E
$GPGGA,034830.40,3733.8205404,N,12656.9184329,E,5,04,1.0,-1963.753,M,22.932,M,0.4,*57
$GPGSA,A,3,03,17,23,,,,,,,,,,0.0,0.0,0.0,1*2B
$GLGSA,A,3,68,69,73,,,,,,,,,,0.0,0.0,0.0,2*35
$GPGSV,1,1,03,03,46,054,24,17,71,346,31,23,21,108,30,,,,,1*5A
$GLGSV,1,1,03,68,53,107,25,69,25,166,37,73,25,245,43,,,,,1*48
$GPRMC,034830.50,A,3733.9163537,N,12656.8465088,E,6099.04,328.83,080819,0.0,E,D*00
$GPGGA,034830.50,3733.9163537,N,12656.8465088,E,5,04,1.0,-2197.050,M,22.929,M,0.5,*59
$GPGSA,A,3,03,17,23,,,,,,,,,,0.0,0.0,0.0,1*2B
$GLGSA,A,3,68,69,73,,,,,,,,,,0.0,0.0,0.0,2*35
$GPGSV,1,1,03,03,46,054,24,17,71,346,31,23,21,108,30,,,,,1*5A
$GLGSV,1,1,03,68,53,107,25,69,25,166,37,73,25,245,43,,,,,1*48
$GPRMC,034830.60,A,3734.0117294,N,12656.7754304,E,6098.91,328.94,080819,0.0,E,D*02
$GPGGA,034830.60,3734.0117294,N,12656.7754304,E,5,04,1.0,-2430.340,M,22.925,M,0.6,*55
$GPGSA,A,3,03,17,23,,,,,,,,,,0.0,0.0,0.0,1*2B
$GLGSA,A,3,68,69,73,,,,,,,,,,0.0,0.0,0.0,2*35
$GPGSV,1,1,03,03,46,054,23,17,71,346,31,23,21,108,30,,,,,1*5D
$GLGSV,1,1,03,68,53,107,25,69,25,166,37,73,25,245,43,,,,,1*48
$GPRMC,034830.70,A,3734.1069596,N,12656.7047626,E,6098.79,329.05,080819,0.0,E,D*00
$GPGGA,034830.70,3734.1069596,N,12656.7047626,E,5,04,1.0,-2663.851,M,22.921,M,0.7,*52
$GPGSA,A,3,03,17,23,,,,,,,,,,0.0,0.0,0.0,1*2B
$GLGSA,A,3,68,69,73,,,,,,,,,,0.0,0.0,0.0,2*35
$GPGSV,1,1,03,03,46,054,23,17,71,346,30,23,21,108,30,,,,,1*5C
$GLGSV,1,1,03,68,53,107,24,69,25,166,37,73,25,245,43,,,,,1*49
